Timestamp,Eccentricity,Semimajor Axis (m),Inclination (deg),RAAN (deg),Argument of Periapsis (deg),True Anomaly (deg),Latitude (deg),Longitude (deg),Altitude (m),X (m),Y (m),Z (m),Vx (m/s),Vy (m/s),Vz (m/s)
2022-09-01 00:00:00.000000Z,0.0002503420941435,42165433.85676749,0.1339543731745535,99.16779439594956,55.80723840445128,166.88199803832,0.0064092128299516,-17.994883242870333,35797577.047643974,33169943.2418849,-26048824.369303487,-66855.91550342865,1898.629505969585,2417.3996319051557,-5.282670163556448
2022-09-01 02:00:00.000000Z,0.00022855422453,42166373.56159087,0.1339213719792165,99.14205549824402,52.72652172865365,200.0545987840389,-0.0044909902495165,-18.010874439012344,35797289.25988193,41756961.46421602,-5925696.848228456,-94161.19454749078,431.6470192149254,3043.46165867229,-2.1263496932279238
2022-09-01 04:00:00.000000Z,0.0002246243791782,42166690.308310896,0.133918893269782,99.0760306135724,50.91019518045502,232.00571124374892,-0.0141239892128997,-18.024248842184107,35794382.58431685,39103791.19275967,15792583.435366863,-96076.89787145032,-1151.695972904113,2850.2543997447337,1.607295975624542
2022-09-01 06:00:00.000000Z,0.0002346570960867,42166198.6461816,0.1340216687496703,98.99517709369375,53.099977767466186,259.9709761869498,-0.0198588060273861,-18.0321883094365,35789782.51194382,25922710.215727787,33258703.206965983,-72054.22990321294,-2425.3221570573123,1889.469918875456,4.9123309434421865
2022-09-01 08:00:00.000000Z,0.0002484007421476,42165376.21942786,0.1342236714458279,98.94152016803667,57.981638547024446,285.224090021884,-0.0201269842345423,-18.03320311866943,35784486.4043836,5760548.383666016,41767236.92052323,-28538.78545920874,-3046.0752735891147,419.37631049076987,6.896468359254946
2022-09-01 10:00:00.000000Z,0.0002635394850903,42164911.66333398,0.1344272190230599,98.9375718940677,62.60657420289749,310.69141675615793,-0.0148551372440047,-18.02702252151428,35779528.04841,-15953082.961593138,39022651.737566456,22750.87208304232,-2846.2391571926623,-1164.2558407753029,7.021143800137885
2022-09-01 12:00:00.000000Z,0.0002838190726988,42165218.79131471,0.134513453967374,98.95420745885244,65.83758762960507,337.538226904629,-0.0054980376651492,-18.014698878092364,35776021.90545508,-33366786.585479777,25760940.32424029,67967.49056252181,-1879.1623475784995,-2434.539240960638,5.247559443815838
2022-09-01 14:00:00.000000Z,0.0003075788940894,42166115.1127741,0.1344751318507943,98.92012581808544,68.4348509190012,5.073042592078005,0.0053457315602226,-17.998837867700683,35775059.47875032,-41785514.79991395,5554613.125667318,94864.592000833,-405.348321298506,-3048.701567827689,2.04936230815364
2022-09-01 16:00:00.000000Z,0.0003215348678842,42166801.08048327,0.1344764515850454,98.79392044157208,70.39233748170277,33.33916929602798,0.0146465558487943,-17.983565078543677,35777335.899744935,-38939304.00477406,-16149466.280161437,96113.33592821789,1177.657844447005,-2840.975942404371,-1.7121408393360549
2022-09-01 18:00:00.000000Z,0.000316118600441,42166519.769453794,0.1346883246428014,98.63300034240535,69.79343414492656,64.19100805037206,0.0198026553845186,-17.973682873035457,35782576.00840486,-25597118.1190834,-33500868.34328648,71312.03081039597,2442.8545490206843,-1867.6317127940715,-5.018486779119946
2022-09-01 20:00:00.000000Z,0.0003013522189599,42165541.30573551,0.1350496376661154,98.53919282378315,65.8937483137038,98.2675293788194,0.019393002273077,-17.972787357955934,35789227.71998957,-5357604.603924667,-41825613.97357109,27126.82037886041,3049.435229967307,-391.5428732241502,-6.971001908361171
2022-09-01 22:00:00.000000Z,0.0002864111568698,42164936.82759614,0.1353344525529548,98.53420481309249,61.37389101291786,132.86594767002137,0.0135743784851827,-17.981348154807574,35795013.442360386,16325110.125788976,-38885277.38238114,-24503.24734908635,2834.6189214451138,1189.3554936869562,-7.038236180544531
2022-09-02 00:00:00.000000Z,0.0002674016606783,42165250.82659969,0.1354215847559899,98.55080922095742,57.7357853749866,166.5545018142495,0.0040052089718943,-17.996430928344232,35798079.689793944,33612818.54288242,-25475612.61925684,-69609.85910292198,1856.8192024586508,2449.606496582372,-5.200777089781557
2022-09-02 02:00:00.000000Z,0.0002526641429286,42165758.14239505,0.1353853114601779,98.51899891572424,44.73660398664083,209.6513399186583,-0.0066423555615422,-18.012720822680976,35796879.16813581,41852134.74516778,-5207839.666649455,-95979.35784187591,379.1886455659565,3050.449232107389,-1.9538791795908683
2022-09-02 04:00:00.000000Z,0.0002504471875188,42166239.24783561,0.1353884996784132,98.4238884406268,41.69027264079053,242.86268299801495,-0.0154210598627201,-18.02495453951377,35792917.02021455,38825203.35234925,16461837.039819444,-96451.89839710564,-1200.6837102473758,2830.064920673285,1.826909794932016
2022-09-02 06:00:00.000000Z,0.0002578067984672,42166085.6312978,0.1355491305702006,98.3071273496154,42.30092638397474,272.4456192883493,-0.019905806276385,-18.03025870062193,35787481.9710567,25344263.174752347,33698705.132879004,-70848.36917798001,-2457.706328866626,1847.4219259215888,5.121933125526787
2022-09-02 08:00:00.000000Z,0.000265562834554,42165511.531821646,0.1358578625722613,98.2314351705486,45.98171225065745,298.9251897114797,-0.0188511963487417,-18.027727203900405,35781956.34773946,5036943.271486748,41858117.44192259,-26030.625745943933,-3053.0585990328173,366.6704966946925,7.0402654263884425
2022-09-02 10:00:00.000000Z,0.0002713112508634,42164987.63771553,0.1361780982977879,98.2298510791547,50.65604867210147,324.34410570373564,-0.0125370151344881,-18.018192931639504,35777554.3462823,-16627152.228996145,38738087.83441086,25932.300015333876,-2825.789500547656,-1213.4185354886777,7.059889967195185
2022-09-02 12:00:00.000000Z,0.0002787118845304,42164923.410200775,0.136347430743436,98.26717961998936,55.110641261987794,349.9486445517132,-0.0027057953620045,-18.00386891642575,35775214.81624249,-33809079.96118171,25176301.153758805,71005.16579005812,-1836.7168732725256,-2466.7793275693666,5.169521264582642
2022-09-02 14:00:00.000000Z,0.0002898485834547,42165432.18151545,0.1363404294635734,98.2521960142576,59.35765300026525,15.814647781813289,0.0078989208605267,-17.987973865758303,35775535.935447976,-41876264.147203855,4827135.815949848,96968.04901391247,-352.4187755260588,-3055.2124871951587,1.8734212617553776
2022-09-02 16:00:00.000000Z,0.0002988217953387,42166139.07871365,0.1363542698914674,98.11994098783208,63.1503974182001,42.24994129519745,0.0162823061765431,-17.974325605047227,35778673.502109714,-38654261.55806189,-16823655.354852177,96723.6665032779,1226.6898792188997,-2820.018610563902,-1.9421266526773289
2022-09-02 18:00:00.000000Z,0.0002972566987139,42166329.71748226,0.1366367138560832,97.924853098089,64.60029676294882,71.08485110652106,0.0200471791353224,-17.966737034841632,35784126.19738996,-25013876.39762087,-33940499.279193334,70242.07742879575,2474.7493547522267,-1824.9553533596916,-5.245292293391838
2022-09-02 20:00:00.000000Z,0.0002887755542763,42165751.4886042,0.1371610908401047,97.80113939883172,62.07675257542335,103.81308765849955,0.0181042990034452,-17.967890940066265,35790518.36361995,-4633917.838705001,-41913263.9485145,24609.804056327084,3055.6678262717173,-338.70535155479786,-7.137257790259746
2022-09-02 22:00:00.000000Z,0.0002819943120582,42165053.35351569,0.1376262805146546,97.80038619447544,57.315502025637045,138.64721277910525,0.0110041778545253,-17.977903960185714,35795840.41631,16994222.844818465,-38598445.367540695,-27859.553039911385,2813.5858071803623,1238.1520191039697,-7.099449675110917
2022-09-03 00:00:00.000000Z,0.0002745829154828,42164953.30508975,0.1378204451731594,97.84323791707934,52.65297308049184,173.33313821454828,0.0007648718417939,-17.993791977487877,35798315.74868757,34047391.80863744,-24892226.781223148,-72961.3818464475,1814.201818952816,2481.2999530235497,-5.13759451773814
2022-09-03 02:00:00.000000Z,0.0002672045353525,42165421.01840003,0.1378127886030721,97.82858105847065,48.09763657683459,207.96845679392123,-0.009725815824988,-18.01060303131734,35797234.25383845,41936037.8857807,-4485640.720538306,-98458.70139768798,326.542823184676,3056.4947667159,-1.7794922016417074
2022-09-03 04:00:00.000000Z,0.0002678102163891,42165931.34643425,0.1378254670526539,97.72763337379232,44.365958601820175,241.8704282504017,-0.0175249977188138,-18.02339168155484,35793116.02295148,38536004.199991,17128382.160260946,-97397.2681198313,-1249.2901954540046,2808.918592003009,2.069332721218357
2022-09-03 06:00:00.000000Z,0.0002763450134035,42166088.49202126,0.138030770596691,97.59142336313737,43.30069192821573,273.14864243461494,-0.0204406881252944,-18.02878686171955,35787308.25926141,24759870.85099338,34130172.439475305,-69988.40380166285,-2489.2102327439425,1804.770489403856,5.369799207002959
2022-09-03 08:00:00.000000Z,0.0002848471846844,42165854.91689885,0.1384325460316194,97.50174558599838,45.130121778677626,301.4941322748623,-0.0176285210067194,-18.02567774389048,35781440.84170322,4314631.484048162,41938209.35018994,-23564.314119661543,-3058.978056913197,313.96308019184886,7.228527722890661
2022-09-03 10:00:00.000000Z,0.0002880378495697,42165429.21296028,0.1388709294672715,97.5058073020924,48.62854056363869,328.08429041781864,-0.0098285940838032,-18.015173838532363,35776982.031658955,-17292826.003234535,38444913.39575345,29382.567896096323,-2804.492337945501,-1262.00166072756,7.138732139890758
2022-09-03 12:00:00.000000Z,0.0002867514973295,42165097.61869559,0.1391435498621611,97.57146589222334,52.69821661255956,354.0461790216325,0.0008221319742728,-18.000087155485375,35774934.89705017,-34238533.866573386,24588589.029171556,74555.88188151582,-1793.9109893621535,-2498.1148210599085,5.117928528406881
2022-09-03 14:00:00.000000Z,0.0002853423854795,42165149.49326001,0.1391923849670658,97.59783662956588,57.00585741601464,19.81026435146542,0.01135788679237,-17.984126611571963,35775692.61912984,-41953527.08429175,4103288.318513506,99707.82679494296,-299.65951026177254,-3060.8158136703723,1.7047535750711018
2022-09-03 16:00:00.000000Z,0.0002853002636237,42165646.34431996,0.1392156549015323,97.49773561163624,61.5532281845266,45.45818963927792,0.0187893790269041,-17.971065729904325,35779069.49705977,-38358513.79632165,-17488421.440427583,97950.50663161294,1275.1491822622686,-2798.3885523375134,-2.1845956877703867
2022-09-03 18:00:00.000000Z,0.0002821617137849,42166163.11349795,0.1395237950105757,97.30528259998816,65.0609895587561,72.23195776326972,0.0209428890920447,-17.96412152700234,35784392.32725072,-24424937.0536035,-34367084.24653804,69637.27350473069,2505.8572951315487,-1781.9557188436377,-5.500843596885693
2022-09-03 20:00:00.000000Z,0.000274833337809,42166120.24871749,0.1401675728838335,97.16841364394452,65.05579691107326,102.45487696962742,0.0171111784374508,-17.965396688130756,35790479.54673951,-3910437.933716565,-41986905.08680373,22309.276399427967,3061.073554913164,-285.92476222464245,-7.342761994085378
2022-09-03 22:00:00.000000Z,0.0002706276524581,42165566.39511968,0.1408192389615517,97.17690582464692,61.34220099315714,136.2324613191609,0.008306508418637,-17.97505122528204,35795668.51843183,17657484.417118352,-38299375.14337786,-31297.839135335093,2791.836724216545,1286.516152050661,-7.202949786344208
2022-09-04 00:00:00.000000Z,0.0002712913556236,42165126.19524256,0.1411592929562087,97.25869183107856,56.52277352256838,171.03665062468644,-0.0030080621851312,-17.990640299745486,35798288.463061005,34471842.47596709,-24300968.311127484,-76683.048133218,1771.1441756889933,2512.225561540246,-5.110619708728135
2022-09-04 02:00:00.000000Z,0.000273407406946,42165168.61280111,0.1412086671591504,97.28544049909269,51.94377456813609,205.6540834243756,-0.0136354225521325,-18.007594050528784,35797422.88486204,42007370.85890683,-3761427.7943792855,-101518.32166817368,273.7771462956718,3061.6492194342723,-1.6261726990050986
2022-09-04 04:00:00.000000Z,0.0002793495757137,42165539.897292845,0.141228571263992,97.20583585062955,47.97287874229395,239.77348384512575,-0.0205609694482428,-18.02082794741972,35793330.18843988,38235063.90581692,17790523.63737761,-99002.12128962632,-1297.5488100377122,2786.9215835018385,2.311406782822892
2022-09-04 06:00:00.000000Z,0.000290771227315,42165916.50764906,0.1414518934670521,97.07094008800838,45.67591340144454,272.2818097092341,-0.021793324356801,-18.026495377876262,35787287.79951635,24167726.4922818,34551978.01383908,-69712.18616399576,-2519.978221417666,1761.5452089152818,5.6386784024222845
2022-09-04 08:00:00.000000Z,0.0003025529438984,42166069.44458784,0.1419140010823998,96.9773055327982,45.74203742240988,302.39483590520314,-0.0169131430223357,-18.02311274178114,35781094.872398034,3590690.44736034,42006039.00880042,-21466.63221093046,-3063.973444754109,261.1249719509211,7.454299377324019
2022-09-04 10:00:00.000000Z,0.0003071269494088,42165892.02936361,0.1424483935085971,96.98865617700714,47.78610680959474,330.432816982067,-0.0071961192002655,-18.01184719059251,35776490.19522184,-17953572.81337396,38140277.18174374,32766.971339067404,-2782.3414321180144,-1310.2382391244694,7.262409269165146
2022-09-04 12:00:00.000000Z,0.0003009729220599,42165450.35565428,0.1428217977879044,97.0836617897094,50.85280170501014,357.36910231862606,0.004720508885228,-17.995998610126225,35774636.06538932,-34657885.19219134,23993355.980853897,78357.32841714955,-1750.5538988759508,-2528.7286536388515,5.107652409308502
2022-09-04 14:00:00.000000Z,0.0002882474679447,42165069.09821619,0.1429342032429867,97.1621634217308,54.28667976023849,23.955005203067763,0.0155420945623426,-17.97985237702304,35775824.43557957,-42018277.961780526,3377896.1319226064,102953.52600050502,-246.79760682008464,-3065.518472647578,1.5643493394801309
2022-09-04 16:00:00.000000Z,0.0002762667080938,42165171.48141491,0.1429563971632955,97.1213245719746,58.374375312797774,50.00277008033548,0.0222072525447752,-17.967364395419047,35779545.30212935,-38051264.74484787,-18148318.48391059,99821.5466779565,1323.23021157169,-2775.91872624693,-2.4174429663392494
2022-09-04 18:00:00.000000Z,0.0002663468002138,42165775.644057564,0.1432322604461229,96.96579159039383,63.05243214071229,75.56844324752565,0.0227347448658506,-17.961299214126342,35784836.8850033,-23828697.552096963,-34783684.17716074,69674.80561218152,2536.2040441957747,-1738.40927172515,-5.766360307214812
2022-09-04 20:00:00.000000Z,0.0002564406425071,42166272.83850859,0.1439120283033333,96.8353677998314,65.83043965499354,103.00126971929396,0.0168110046096093,-17.963022028209075,35790565.8697093,-3185891.9729380086,-42048176.80975556,20515.147769441213,3065.551646477204,-233.04380997945103,-7.57548589357113
2022-09-04 22:00:00.000000Z,0.0002516464642776,42166110.5904665,0.1447071525730749,96.85500717534354,64.2091986472855,134.67562440318824,0.0059487652691355,-17.97240502039803,35795432.71870453,18315321.534817405,-37988916.69083753,-34475.0910027976,2769.2540458136677,1334.5162939059226,-7.346381318057946
2022-09-05 00:00:00.000000Z,0.0002578540716784,42165510.70586961,0.1452044372259674,96.98064430425995,59.82805211813222,168.9982447012337,-0.0068803218127951,-17.987431872320098,35798046.32976531,34885872.41818716,-23702317.87759204,-80455.52548423105,1727.561171219562,2542.431099634146,-5.128784250023402
2022-09-05 02:00:00.000000Z,0.0002702688711692,42165082.52478765,0.1453296920846827,97.06718047890766,55.50452870584072,203.30066251539,-0.0180774330395125,-18.004137563419704,35797411.52438282,42066021.10577029,-3035745.1604546504,-104941.90369724957,220.9220642190049,3065.9141307246023,-1.5128937017971844
2022-09-05 04:00:00.000000Z,0.0002838775233813,42165137.43067521,0.1453489560454075,97.0340869205197,51.78736590869848,237.11958880773267,-0.024451322989257,-18.01760074602702,35793496.255447835,37922488.67906893,18447798.24576798,-101209.5535128942,-1345.4311831265431,2764.0937095108084,2.5287418588659234
2022-09-05 06:00:00.000000Z,0.0002995368511761,42165584.12237531,0.1455538247912462,96.92126860914333,48.817071459106906,270.27880610337263,-0.0241260254502059,-18.02362777426408,35787381.88394132,23568108.359204,34963843.19886145,-70139.6276357788,-2549.9915321156905,1717.7762276887242,5.904922867178157
2022-09-05 08:00:00.000000Z,0.0003160982918239,42166099.52473151,0.1460269312115804,96.8336178657746,47.4056237852234,301.8634057979413,-0.0170700811907148,-18.02025972262041,35780923.35656546,2865491.9072325425,42061561.14376904,-20006.685738551423,-3068.037877655522,208.18991491375644,7.700689255823421
2022-09-05 10:00:00.000000Z,0.0003255219627372,42166287.97339928,0.1466145043182269,96.85113566426142,47.99051798291686,331.3548965834724,-0.0051183613489403,-18.00849341901191,35776103.88244344,-18609021.312452856,37824371.4200171,35732.813868781515,-2759.343974824534,-1358.097419942564,7.425061029247059
2022-09-05 12:00:00.000000Z,0.0003193600598867,42165920.5622731,0.1470640977399388,96.96871318419076,49.8543062053257,359.4722269063902,0.0085130838161326,-17.99193542185619,35774318.02275551,-35066863.60337162,23390977.05892344,82058.86410924778,-1706.66567833102,-2558.602654924356,5.145031753631439
2022-09-05 14:00:00.000000Z,0.0002992503575037,42165218.293272406,0.1472329169435214,97.09601722233111,51.89980095988468,27.39804680529552,0.0200895602949012,-17.975453049238613,35775877.88254508,-42070414.1921229,2651394.157029568,106438.82784674746,-193.85774301988516,-3069.322645490832,1.468673638662568
2022-09-05 16:00:00.000000Z,0.0002761407434384,42164832.261323385,0.1472430944699528,97.12358207491658,54.31672299691427,55.0477515079588,0.0263661819858757,-17.96339434586575,35780022.66147333,-37732575.722009175,-18802997.306953028,102212.127663332,1370.9130396835162,-2752.629510277976,-2.618652759954026
2022-09-05 18:00:00.000000Z,0.0002564941180968,42165258.34729987,0.1474355208117932,97.02657287002,58.48469853334279,81.06399191672027,0.0254740730615317,-17.958318838911147,35785438.71521773,-23225341.50895076,-35190136.02390135,70392.82145722253,2565.774816529808,-1694.3460397917129,-6.0194174998897445
2022-09-05 20:00:00.000000Z,0.000239489020947,42166148.94536799,0.1480510406635641,96.91905659061602,63.29127936364576,106.44452167567285,0.0174593310697327,-17.96085774345239,35790868.426479176,-2460561.255970065,-42097152.87068483,19415.952754904305,3069.0900721235075,-180.09807185605618,-7.816662378943413
2022-09-05 22:00:00.000000Z,0.0002297331292678,42166554.11736752,0.148899677824987,96.94702697135423,64.60980964006751,135.1707345308717,0.0043389165922627,-17.97028124700339,35795286.17418195,18967400.450384583,-37667412.5294389,-37090.56661747895,2745.83752460953,1382.1145261226386,-7.517919520749612
2022-09-06 00:00:00.000000Z,0.0002369979317708,42166062.596194185,0.1495242008719394,97.10860962435989,61.6468004454384,168.03986373841954,-0.0103744127522516,-17.98471728408673,35797701.831081845,35289223.06958608,-23096862.826764137,-83927.06979674814,1683.4745078544502,2571.889298778416,-5.190180893165324
2022-09-06 02:00:00.000000Z,0.0002582976892875,42165228.76792475,0.1497292968436656,97.26005451085236,58.09839499703927,201.502801017405,-0.0226110889865602,-18.000876892069133,35797224.5443237,42111952.4273271,-2309292.5731497966,-108405.18614752844,168.01519083378693,3069.287162775717,-1.4491743725774715
2022-09-06 04:00:00.000000Z,0.0002810760838366,42164822.37148042,0.1497387251456571,97.28973695751432,55.22835094885324,234.411863868546,-0.0288979924936322,-18.014307932327647,35793580.22188344,37598519.374074176,19099588.980931405,-103800.87554271848,-1392.9007229577535,2740.4593591307225,2.7020710784513007
2022-09-06 06:00:00.000000Z,0.0003020628392368,42165144.95386411,0.1498874884383618,97.21574737877832,52.27625477390649,267.51369020530154,-0.0273589657226957,-18.0206980851466,35787556.63766066,22961476.8271338,35365395.94231289,-71213.0283428842,-2579.2270864472284,1673.5052799738487,6.144017322682301
2022-09-06 08:00:00.000000Z,0.0003238489965091,42165924.09927647,0.1503150852394449,97.14237093702984,49.815887615712604,300.1326626475253,-0.018260241444101,-18.01760255087551,35780928.73464194,2139597.6914904253,42104733.37417842,-19303.96658204923,-3071.166715498139,155.20604770224315,7.944054339024466
2022-09-06 10:00:00.000000Z,0.0003403514416466,42166533.524052,0.1508984714724387,97.16275678145526,49.09880032845636,330.9234611170043,-0.0039591768074717,-18.00564298065717,35775852.6239323,-19258647.37830344,37497491.88262367,38011.53441610628,-2735.5151761378324,-1405.535302758543,7.609813753747736
2022-09-06 12:00:00.000000Z,0.000338803346166,42166415.01587582,0.1513823718188794,97.2901078036718,49.85402059000454,0.1401746505849876,0.0117210413447353,-17.988497171508026,35773991.9369903,-35465119.08995472,22782010.981486797,85307.79656643899,-1662.2782804772714,-2587.709902002546,5.224024589980242
2022-09-06 14:00:00.000000Z,0.00031657147809,42165569.68582674,0.1515890340435765,97.45038769331182,50.5581807801367,29.37484256196966,0.024520246766143,-17.971525507616832,35775799.47217566,-42109842.47793488,1924439.62699415,109810.63917017552,-140.8765341491686,-3072.2288680465235,1.4235527309561495
2022-09-06 16:00:00.000000Z,0.000286186659207,42164714.66169924,0.1515825446348011,97.5370481963471,50.81058668334592,59.12981795744595,0.030893164512691,-17.959615723794172,35780383.622029625,-37402584.66037777,-19451902.94220963,104848.29725332676,1418.1721930929214,-2728.5472899073657,-2.7726726609966432
2022-09-06 18:00:00.000000Z,0.0002581092381138,42164746.20123623,0.1516660025326299,97.50320695926835,52.78933690154966,87.27123264126371,0.0289707664968044,-17.95542246056433,35786088.281232454,-22615130.434393063,-35586129.805263974,71652.11092205593,2594.560167849581,-1649.8053385380197,-6.238923002890231
2022-09-06 20:00:00.000000Z,0.0002316730014864,42165769.91668678,0.1521340042098651,97.42807278330666,57.62271778041395,112.59151739096497,0.0190814563451052,-17.959024282185506,35791383.70887445,-1734739.5014872989,-42133820.065377526,19030.950097867903,3071.6880725085507,-127.1298044188303,-8.043999250497958
2022-09-06 22:00:00.000000Z,0.0002120054706075,42166766.267252095,0.1529213088889026,97.4581285073534,61.56337822996091,138.69305454536328,0.0037120238494054,-17.968908934452667,35795343.715814404,19613444.559584364,-37335154.3382849,-38970.81183158454,2721.5938387629944,1429.2691442042728,-7.697599257326185
2022-09-07 00:00:00.000000Z,0.0002140348507981,42166668.93053863,0.1536006989127117,97.63516661845672,61.064198466512345,169.0832756478035,-0.0130861460760399,-17.982969245425032,35797393.67543535,35681719.68565242,-22485166.9703091,-86800.07252288646,1638.9070111918932,2600.56876062156,-5.28099706789283
2022-09-07 02:00:00.000000Z,0.0002397804648852,42165625.7065303,0.1538687214844722,97.8378412376798,59.12365530198563,200.88779083797303,-0.0267423083456082,-17.998459109251367,35796934.43939899,42145213.62473007,-1582775.026637795,-111544.912159161,115.09405768744084,3071.7625580679965,-1.4311544484796443
2022-09-07 04:00:00.000000Z,0.0002713737799752,42164698.68054336,0.1538630304191078,97.93155889168813,57.83744860313932,232.1492510910586,-0.0334263442721013,-18.011619338883335,35793580.88065379,37263482.89946805,19745260.28510218,-106427.75877990513,-1439.9206868321012,2716.0430118926533,2.8233429845226667
2022-09-07 06:00:00.000000Z,0.0002983533969527,42164694.11009248,0.1539293168343723,97.90527178815672,55.72408289741447,264.36433957315734,-0.0311500749830527,-18.018313387294462,35787788.782173954,22348374.983644888,35756260.28323538,-72682.07553181917,-2607.6632355336337,1628.777810454898,6.33728471997534
2022-09-07 08:00:00.000000Z,0.0003249122165644,42165568.20910586,0.1542612405369824,97.8519667951062,52.79889387970034,297.42757103743133,-0.0203593225191125,-18.01570913366661,35781117.06635226,1413633.3987364713,42135542.86518572,-19268.478328660007,-3073.359055413155,102.22671596835812,8.159448380418146
2022-09-07 10:00:00.000000Z,0.0003490650257479,42166571.34001256,0.1547797657854755,97.87140122154004,51.03743213804922,329.26353748270515,-0.0038447859705429,-18.003908414324826,35775781.72486554,-19901896.70314273,37160002.83232393,39509.15826388773,-2710.87564229694,-1452.5024970349282,7.791590427061778
2022-09-07 12:00:00.000000Z,0.0003554947315977,42166829.64427426,0.1552464189178834,97.99337655331335,50.90231555529432,359.3763285588792,0.0139970517143303,-17.986398681477766,35773703.44717686,-35852315.654235095,22167124.25900924,87848.11714946383,-1617.430572092115,-2616.018211226261,5.325643990768272
2022-09-07 14:00:00.000000Z,0.0003362087205906,42166044.90783268,0.1554647642357949,98.16342089499616,50.66587906634916,29.542407884150062,0.0283491270842807,-17.96884797871205,35775573.24736004,-42136537.44887401,1197829.255122921,112712.348099408,-87.89837536874637,-3074.234593026036,1.4205617692547652
2022-09-07 16:00:00.000000Z,0.0003032784957234,42164844.94676033,0.1554446859823871,98.28646458475008,49.13024346348399,61.04925242182404,0.0352791799007754,-17.956726454511198,35780515.00683041,-37061545.34754446,-20094334.261750527,107356.3234895097,1464.977753361632,-2703.6997914222543,-2.875862536084141
2022-09-07 18:00:00.000000Z,0.0002709949010525,42164375.62445147,0.1554274213764451,98.30474088058168,48.34566623308751,91.9013448024906,0.0328043374542985,-17.953064361105522,35786614.64842467,-21998442.30703969,-35971231.10155572,73144.28263867329,2622.5557128096675,-1604.830323164571,-6.410869680359091
2022-09-07 20:00:00.000000Z,0.0002377127683239,42165239.70163504,0.1557104330196591,98.26327793408834,51.14747382118069,119.2184914174425,0.021430668282041,-17.957706219112954,35791993.63569527,-1008765.4467653278,-42158059.0397753,19179.47308861896,3073.358301101414,-74.18167079686015,-8.236674836999677
2022-09-07 22:00:00.000000Z,0.0002059259831642,42166673.83109246,0.1563351714537642,98.28918619116136,55.71659266931222,144.6949188114319,0.0040438842745198,-17.968390566019927,35795622.48601281,20253226.544416163,-36992312.620977744,-40133.12225461392,2696.5402019479857,1475.9424205093487,-7.861434587969454
2022-09-08 00:00:00.000000Z,0.0001960535426514,42167169.07529571,0.1569703776548929,98.45453998588988,57.6710500568555,172.6431987163576,-0.0148043518170331,-17.98244033364184,35797231.01878249,36063275.184407145,-21867646.050038368,-88919.08457457187,1593.8814581633756,2628.440593669376,-5.377962792256341
2022-09-08 02:00:00.000000Z,0.0002189276526476,42166211.95850476,0.157262263900099,98.67682147237716,58.12926488699184,202.0299448892729,-0.0300553286063336,-17.997334607521115,35796632.02995744,42165911.76615372,-856748.788374505,-114055.5908484202,62.18912370116058,3073.332280569164,-1.441332271914252
2022-09-08 04:00:00.000000Z,0.0002561085579177,42164836.941413246,0.1572424702317435,98.81749925922765,59.2419685140435,230.8459677294228,-0.0374981057780476,-18.010060950777838,35793516.71371606,36917705.83291333,20384296.838250723,-108695.09494846352,-1486.4629932229489,2690.863862140577,2.8992428593109514
2022-09-08 06:00:00.000000Z,0.0002887796421169,42164350.84424794,0.1572230968134269,98.83631894204048,58.853853686418624,261.29050053426204,-0.0349597847747476,-18.016951834097306,35788054.19487633,21729283.977640897,36136137.01883721,-74151.11678602992,-2635.286508001757,1583.632519663219,6.47803976987759
2022-09-08 08:00:00.000000Z,0.0003190998517408,42165109.386010766,0.1574304645087782,98.80550199293766,56.197778789052784,294.0614844734085,-0.0229562057217546,-18.01499254439527,35781483.03028575,688111.1724929144,42153999.56939703,-19599.157068519755,-3074.619682034523,49.29720023700157,8.327784958040821
2022-09-08 10:00:00.000000Z,0.0003498396635242,42166392.755871706,0.1578345526942629,98.82124147774492,53.74383237432867,326.593103530772,-0.0045946869687508,-18.00371955705116,35775939.93081347,-20538353.34360685,36812234.58428208,40357.431958222296,-2685.4470292150545,-1498.956671874712,7.943431467336632
2022-09-08 12:00:00.000000Z,0.0003657111956873,42167077.65156667,0.1582330862770585,98.92432360506604,52.9551102366037,357.37841665047324,0.0152453581228218,-17.986187591833264,35773535.80832123,-36228248.2570721,21546914.369820457,89609.01767401423,-1572.1588590349734,-2643.4975391876314,5.42179256614175
2022-09-08 14:00:00.000000Z,0.0003532025906998,42166535.33502494,0.1584338183877937,99.07986954551912,52.243462979762185,28.03473108206977,0.0312279177482395,-17.968111189215602,35775251.39099022,-42150585.85496602,472297.6882234984,114888.13857520152,-34.96565761052796,-3075.3335033670246,1.4374869233333876
2022-09-08 16:00:00.000000Z,0.0003217102282962,42165181.826069966,0.1584075546771347,99.21071460944007,49.70807970811635,60.53405485172256,0.0390090571763473,-17.9554558408282,35780368.8360086,-36709818.07412296,-20729614.353426944,109358.19222704406,1511.29961667631,-2678.1087675975664,-2.939305774634872
2022-09-08 18:00:00.000000Z,0.0002891086340115,42164238.4587066,0.1583251203603311,99.25969618972336,46.70699486026347,93.57192937849956,0.0364146733094214,-17.951812730681866,35786857.41546086,-21375757.075486418,-36344988.90791519,74458.46277035955,2649.759602155779,-1559.458781036757,-6.533271667783018
2022-09-08 20:00:00.000000Z,0.0002544143742652,42164715.11127873,0.158440380215973,99.24580645719604,46.802808705149424,123.56679310038284,0.0240259700959374,-17.957157567979998,35792507.442943685,-283037.1512453788,-42169690.08422568,19508.67128030433,3074.122738828482,-21.288769381074395,-8.381011211157215
2022-09-08 22:00:00.000000Z,0.0002140738045678,42166304.02190632,0.1588521165893063,99.2641440060101,49.887982008801565,150.53385517121683,0.0050320959212569,-17.968724084082815,35796025.6202228,20886534.65135788,-36638927.36381066,-40799.38916287098,2670.7033434393657,1522.108127906101,-7.9873130048697
2022-09-09 00:00:00.000000Z,0.0001891637094548,42167412.550364,0.1593510000012499,99.39395750233028,52.5592863395232,177.80049151991244,-0.0155876586802726,-17.983111683386486,35797246.2171424,36433854.64075902,-21244505.793267384,-90327.15836899982,1548.4201162910922,2655.4849169783306,-5.45419175565543
2022-09-09 02:00:00.000000Z,0.0002012138351234,42166843.36854133,0.1596137179836285,99.59506289530108,55.13765272079922,205.08863601052784,-0.0323410680429239,-17.99763248086913,35796390.12784442,42174163.09386945,-131526.94214178948,-115783.761009394,9.320419269874463,3073.987940821774,-1.4529966608981817
2022-09-09 04:00:00.000000Z,0.0002378177047532,42165235.443458505,0.1595860388172683,99.74895007317156,59.1392973910218,231.0030048684447,-0.0406686714151231,-18.009861678691607,35793407.20289358,36561432.31876082,21016389.924245805,-110276.48464675048,-1532.513399954319,2664.931775912769,2.94999285932015
2022-09-09 06:00:00.000000Z,0.0002742568361797,42164221.02165132,0.159505123462335,99.79772096404726,61.28800834222454,258.88071081323386,-0.0382015052543424,-18.01680132168025,35788311.08808018,21104506.531705648,36504842.064511366,-75189.51711523435,-2662.0956374945736,1538.0923925507318,6.574256966555546
2022-09-09 08:00:00.000000Z,0.0003070293378478,42164662.428096384,0.1595918063799851,99.78709439122272,59.73535349590616,290.5273970415009,-0.0254588967073444,-18.01552877990292,35781982.43829221,-36704.792102714535,42160098.77808849,-19861.421472993625,-3074.9597782315086,-3.5571641347492644,8.442053486010826
2022-09-09 10:00:00.000000Z,0.000342154602991,42166046.2762241,0.1598569564743583,99.79802912224882,57.06037540426814,323.28401316210216,-0.0057554143690024,-18.005095627237562,35776342.45554711,-21167861.840896662,36454356.27330785,40889.28277635087,-2659.247618923848,-1544.8750999471026,8.044680260416134
2022-09-09 12:00:00.000000Z,0.0003669125403425,42167115.85628163,0.1601494104884556,99.8733187229703,55.85235417908896,354.516023908786,0.0156694558254413,-17.987958537575164,35773577.976711765,-36592912.48936338,20921701.58302724,90740.06843748188,-1526.486918280964,-2670.129094210949,5.483303701441362
2022-09-09 14:00:00.000000Z,0.0003633020040015,42166934.98380908,0.1603061728437839,99.99459098249318,55.033120499880376,25.31448849417204,0.0330622186048149,-17.96959238420473,35774948.68893173,-42152173.67911923,-251730.2649329966,116269.07930718076,17.893164775839267,-3075.5168622853453,1.4441255972895046
2022-09-09 16:00:00.000000Z,0.0003360768610912,42165634.38300687,0.1602812683499555,100.1060859540683,52.25427370496192,58.0773108449274,0.0417184954449693,-17.956251378112093,35780000.756799646,-36347783.74578832,-21357316.43887318,110586.92135873022,1557.1146285074228,-2651.7830633637045,-2.986671924271207
2022-09-09 18:00:00.000000Z,0.0003052407917714,42164353.09871038,0.160180785525746,100.16111497129884,47.97324903012543,92.38955904132057,0.0392611682170648,-17.952125897772422,35786748.79508848,-20747554.975365683,-36707096.05855886,75198.14007787056,2676.169590261034,-1513.7130706246696,-6.617819025349222
2022-09-09 20:00:00.000000Z,0.0002732983914874,42164342.76145071,0.1601866491957332,100.16372918893984,45.79598297302678,124.64084250493076,0.0262799273565808,-17.95762640964061,35792753.91104182,442039.6410147976,-42168569.5410899,19587.409234965173,3074.002965044587,31.528476688819083,-8.474961145871045
2022-09-09 22:00:00.000000Z,0.000231307010688,42165775.71110947,0.1399714155278643,100.84737468257887,46.01684499643766,153.80625306232446,0.0148765428414337,-17.969845473072457,35796389.91860075,21513172.75513993,-36274962.41110919,-34939.47085432064,2644.114567451906,1567.7563020110613,-7.064842762155245
2022-09-10 00:00:00.000000Z,0.0001945021580479,42167324.63306277,0.1402884606736763,100.94032041143984,47.51646034374958,182.28093267796973,0.0010902862190308,-17.98474226060968,35797382.76798769,36793457.77442296,-20615763.677092403,-78871.48598490786,1502.5445871569757,2681.695359570138,-4.858279819060036
2022-09-10 02:00:00.000000Z,0.000191445693463,42167332.223683976,0.1404798379471712,101.1050668551653,50.3541089422209,209.34626567690228,-0.0132124328724595,-17.999152214371044,35796231.66198769,42170079.171140976,592827.0941980937,-101738.28028802732,-43.50216400423804,3073.723670190151,-1.3468903103659469
2022-09-10 04:00:00.000000Z,0.0002203824053684,42165793.12776899,0.1404574010879016,101.2503851247545,56.65358719750208,232.971846895698,-0.0241738104701188,-18.010909572628023,35793250.89772105,36194807.58258675,21641450.48371661,-97375.15191681906,-1578.0727205578892,2638.246114500102,2.532432022846546
2022-09-10 06:00:00.000000Z,0.0002567276321896,42164344.52260376,0.1403622887042706,101.312642889209,61.785551650329865,257.85295626481945,-0.0287695250345312,-18.017709592105422,35788482.63053204,20474137.980997745,36862297.93846781,-66897.25848434062,-2688.103571158265,1492.1600538180703,5.740275962344977
2022-09-10 08:00:00.000000Z,0.0002903060779557,42164335.61258721,0.1403663418741682,101.31508590542558,62.15673468553447,287.5621793779308,-0.0256626415605679,-18.01699147703781,35782501.91202604,-760841.410260333,42153769.15091569,-18434.457417998656,-3074.3985355870086,-56.33828914559718,7.412529221364023
2022-09-10 10:00:00.000000Z,0.0003272247865616,42165616.31987739,0.1405018249827676,101.32158017732768,59.87495768077864,319.9290604135439,-0.0156014237753976,-18.00752719300828,35776918.83849844,-21790573.79232377,36086263.31145798,35023.29244716042,-2632.291169714168,-1590.263998264786,7.094928274778823
2022-09-10 12:00:00.000000Z,0.0003587097731767,42166948.12329545,0.140675814761492,101.37192945352824,58.520633403872665,351.3315536161943,-0.0012389717762946,-17.991146507449415,35773858.08395294,-36946523.79317309,20291348.179061662,79108.9965560302,-1480.4192055231977,-2695.9142698091314,4.868605708599692
2022-09-10 14:00:00.000000Z,0.0003643123373774,42167162.392133206,0.1407753989948651,101.45809603965056,57.83935335635449,22.02709982853781,0.0135761586854364,-17.972851748315755,35774783.91526164,-42141534.76631969,-974368.8024338688,101953.73100553208,70.67598919158911,-3074.777107129029,1.3305651243587142
2022-09-10 16:00:00.000000Z,0.0003431650431307,42166085.25241845,0.140760211526336,101.5413746265406,55.34977210744714,54.52947808499109,0.0248442718898565,-17.958911084479162,35779548.296398014,-35975699.73514264,-21977487.830656853,97398.31733108684,1602.418616005024,-2624.713378427756,-2.566986461039201
2022-09-10 18:00:00.000000Z,0.0003149781509787,42164657.35142967,0.1406859502988905,101.58745833104658,50.637122253654965,89.28309264130928,0.0295036851402889,-17.95399406725951,35786350.00245991,-20114111.4890974,-37057550.36731989,66659.44367809944,2701.7866227438967,-1467.5889952198845,-5.775035696404451
2022-09-10 20:00:00.000000Z,0.0002872485277601,42164197.85569914,0.1406561423306635,101.5953136535858,46.91305984416831,123.07632562717296,0.0262610302063355,-17.9590990803068,35792668.39465246,1166242.2391825125,-42154672.13064941,17995.909677805226,3073.012958255129,84.2738053114139,-7.431617326570225
2022-09-10 22:00:00.000000Z,0.0002489295487469,42165273.20451528,0.1407330664799166,101.60005237395724,45.95668709501128,154.09765332758732,0.0159395274332937,-17.971539418167048,35796577.44222629,22133004.584109057,-35900353.54082433,-35522.77766389212,2616.7868970822583,1612.895192438982,-7.092840374649042
2022-09-11 00:00:00.000000Z,0.0002071553153955,42166976.0835552,0.1408730765531122,101.64165708585516,45.74294562816159,184.336568907711,0.0012633955204595,-17.98689822094334,35797549.17847661,37142026.69650858,-19981292.065889318,-79529.10121920546,1456.262085411859,2707.0793006965523,-4.849957686796178
2022-09-11 02:00:00.000000Z,0.0001907495409288,42167561.83780677,0.1409637959250033,101.72117187605154,46.96206630847056,213.10556016878363,-0.0138563496567878,-18.001409578810286,35796162.09778111,42153623.706253886,1316459.9378022077,-102205.41864639886,-96.27912772368302,3072.536856552316,-1.303734968136195
2022-09-11 04:00:00.000000Z,0.000207682217165,42166373.31745596,0.1409502699664281,101.79618361649796,53.658213794555614,236.40514555027968,-0.0253543918801135,-18.012799869762816,35793080.568252675,35817779.03656125,22259577.70833374,-97447.2748957096,-1623.144462607372,2610.797622392759,2.5956928447220062
2022-09-11 06:00:00.000000Z,0.0002391174471709,42164705.79909112,0.1408927873724678,101.83229558033727,61.41753492866465,258.6853402953189,-0.0301043923858367,-18.01930323182353,35788544.60750868,19838091.399443477,37208530.52261218,-66507.65101277494,-2713.316469578528,1445.8245667288838,5.801387793671572
2022-09-11 08:00:00.000000Z,0.0002712227704626,42164223.79447311,0.1408765744437158,101.83689198870437,64.29545331586132,285.8853509269871,-0.026779139159361,-18.018908538669358,35782953.77258126,-1484435.8865015502,42134946.44947072,-17678.803446518887,-3072.94285978664,-109.06080420652584,7.4499831249634685
2022-09-11 10:00:00.000000Z,0.0003074547650715,42165226.16753746,0.1409210334387568,101.83943153641728,63.10686185525072,317.1620679353253,-0.0162293455043565,-18.010377414817405,35777581.16011159,-22406656.684306208,35707772.53661894,35918.73061138349,-2604.5779818111246,-1635.1407689102018,7.094916302936037
2022-09-11 12:00:00.000000Z,0.0003426447361434,42166651.59140858,0.1409847910115167,101.85817644630517,61.98577803895257,348.36191398438086,-0.0012691261656304,-17.99500792276233,35774363.24360713,-37289217.014697306,19655563.938581776,79859.08558111313,-1433.9470263155176,-2720.863458302593,4.828923177977696
2022-09-11 14:00:00.000000Z,0.0003561839659536,42167211.81593628,0.1410202521746426,101.88922710469812,61.661227847079765,18.755369628204203,0.0140772254637469,-17.97718985702548,35774852.50363372,-42118735.46260839,-1695930.8240110134,102301.78834112929,123.3908950279486,-3073.109911508713,1.2611040356394778
2022-09-11 16:00:00.000000Z,0.0003419149465177,42166459.76285989,0.1410151258494863,101.91628079534765,59.81981995797927,50.66611160078132,0.0256657409353263,-17.962936819019294,35779181.55232032,-35593612.03162211,-22590370.57844943,97194.81302748734,1647.2082184883725,-2596.886380499432,-2.6470039860855383
2022-09-11 18:00:00.000000Z,0.0003168773411191,42165075.38900837,0.1409957992609715,101.92838489896393,55.345783347273205,85.21592702757523,0.0303608705772785,-17.957184947725555,35785819.859048374,-19475534.287202,-37396503.543702096,65912.37054762538,2726.598776899446,-1421.0764206360575,-5.842052542632793
2022-09-11 20:00:00.000000Z,0.0002930213589806,42164298.27416459,0.1409948189361879,101.92917203560708,50.76091982547938,119.8777959144024,0.0268868257731595,-17.961523138188934,35792313.24135481,1889386.964229576,-42128099.94688103,16879.79509110129,3071.1457466668003,136.95166361596517,-7.464011440321247
2022-09-11 22:00:00.000000Z,0.0002611662603468,42164920.9639686,0.1410156373517509,101.930245839013,48.36480517461582,152.3427625618992,0.0161706546275357,-17.97373136022904,35796537.16665204,22745882.05183452,-35515160.75516022,-36703.39401771296,2588.73153004876,1657.5321822052474,-7.077062333997102
2022-09-12 00:00:00.000000Z,0.0002210925817014,42166494.5111561,0.1410333275161473,101.93514562652652,46.67821364342873,184.0909867359173,0.0010925015844677,-17.989336611505745,35797656.445733786,37479507.19304549,-19341086.49024033,-80415.91907695017,1409.5856101603413,2731.6461337235787,-4.785231555408519
2022-09-12 02:00:00.000000Z,0.0001969470390842,42167492.22089837,0.1410342039390812,101.93460106967932,45.66000838969267,215.17716442833583,-0.0142854717324069,-18.004046705683418,35796142.78118864,42124815.89557545,2039425.651357006,-102487.69002923266,-149.00362957467698,3070.4305276523155,-1.204092717840663
2022-09-12 04:00:00.000000Z,0.0002024064009876,42166815.922691375,0.1410383119279235,101.9229194009177,50.5516880999038,240.3681460865599,-0.0258116028717662,-18.01520158589975,35792897.458342016,35430390.28202471,22870815.229668405,-96964.50581047508,-1667.728703436529,2582.580856325484,2.70331583749421
2022-09-12 06:00:00.000000Z,0.0002253607665381,42165197.08382378,0.1410633004016721,101.9090318881728,59.48236301913811,261.5274012808307,-0.0303703624810862,-18.02128993462516,35788458.04144271,19196383.61855205,37543525.75710109,-65319.0550176325,-2737.7418654177204,1399.0755547276322,5.884495805969992
2022-09-12 08:00:00.000000Z,0.0002531623487391,42164334.309131525,0.1410942299867729,101.90312723256127,64.9064333981508,286.1917649312502,-0.0267293921591565,-18.02089128752604,35783218.22628332,-2207548.281715824,42103519.40863622,-16065.987115433138,-3070.605368706223,-161.7419538083842,7.481123393396945
2022-09-12 10:00:00.000000Z,0.0002864202967596,42164952.94173191,0.1411061600083176,101.90317488196338,65.4629475050936,315.7252032054592,-0.0158729578884385,-18.013025386709288,35778167.20016758,-23016248.31197509,35318619.58306277,37524.22499398126,-2576.114773746456,-1679.5299344220875,7.061110285413013
2022-09-12 12:00:00.000000Z,0.0003220500584405,42166297.73476486,0.1410938346953251,101.89885938275944,65.0493630438276,346.2395915355342,-0.0007369356340563,-17.998674736806404,35774970.58023596,-37621125.29333744,19013911.99714665,80999.37294584652,-1387.061828426949,-2744.9973753006625,4.736074803484974
2022-09-12 14:00:00.000000Z,0.0003411184310233,42167095.56396456,0.1410768385433626,101.88181883515163,65.29255719659902,16.11263165519,0.0145823511283979,-17.98161888473712,35775139.245424494,-42083803.89313671,-2416943.4842738,102626.43146023982,176.0562061534227,-3070.5178152485946,1.132433160894711
2022-09-12 16:00:00.000000Z,0.0003335140156201,42166694.92873993,0.1410857962847524,101.8533850579932,64.30328166140369,47.22667246176447,0.0259376376956936,-17.967421812982938,35779005.10310825,-35201430.3434071,-23196435.219891787,96565.00800313154,1691.495423461922,-2568.2850664438065,-2.777311354325384
2022-09-12 18:00:00.000000Z,0.0003120913387094,42165501.96604447,0.141136701311138,101.82574781775476,60.53412910254784,81.11198122737501,0.030258356020577,-17.96103371688513,35785327.772515014,-18831699.313147813,-37724272.14151272,64447.60510053266,2750.6035356035823,-1374.1522634643118,-5.938067695864524
2022-09-12 20:00:00.000000Z,0.0002912807350308,42164575.69610258,0.1412074703160234,101.8129363360168,55.68712469466994,116.05046220013908,0.0263843520788262,-17.964499432287116,35791829.48831408,2611547.8552026195,-42089020.75338579,14935.36562881117,3068.3921141547703,189.5793903291793,-7.497667216261532
2022-09-12 22:00:00.000000Z,0.0002661150649109,42164778.0972161,0.1412428641002391,101.81352047234856,52.25448135035803,149.55299549499767,0.015378109168366,-17.976159614098574,35796313.66255646,23351809.863900483,-35119450.06619844,-38622.36210056512,2559.9413063418524,1701.6794946455088,-7.035805667737246
2022-09-13 00:00:00.000000Z,0.0002320892219146,42166030.09543996,0.1412084003177878,101.80084890911864,49.447045551905376,182.4396453627116,0.0002367338860268,-17.99175484919753,35797670.5023054,37805875.7160234,-18695128.013239555,-81782.54500958072,1362.5137971437484,2755.407223079551,-4.675820818358881
2022-09-13 02:00:00.000000Z,0.0002063887251864,42167192.31922455,0.1411542544324872,101.74468996936297,46.58188877902754,215.4281911639976,-0.0149174237268827,-18.00666247860385,35796146.15676968,42083630.90958628,2761807.8033672087,-102892.12029289835,-201.675055399656,3067.4100605174253,-1.0517688926303403
2022-09-13 04:00:00.000000Z,0.0002043712709331,42167032.87007504,0.1411834608589074,101.6554052473577,48.55407881739223,243.6163670604159,-0.0259590953740369,-18.017715430802745,35792724.001708075,35032626.24918018,23475249.83769121,-96230.96888181505,-1711.823196991813,2553.5915431374287,2.8599489472130597
2022-09-13 06:00:00.000000Z,0.0002186296798988,42165695.792104736,0.1413151829158623,101.58385850131152,56.60427544105657,265.7142091768604,-0.0298946852383007,-18.02335423757052,35788245.718202874,18549018.03087388,37867317.303042345,-63572.079935532325,-2761.3774772843067,1351.903458582813,6.002449229939296
2022-09-13 08:00:00.000000Z,0.0002397648923906,42164625.88744368,0.1414478409509759,101.55956850713784,63.7705659479202,288.6550474560474,-0.02568180039429,-18.022646464705563,35783252.96182371,-2930168.980711818,42059442.75265241,-13719.784491634968,-3067.3868343948902,-214.39434272922912,7.525033032055116
2022-09-13 10:00:00.000000Z,0.0002678316637588,42164841.58075839,0.1414888183132899,101.55983317261818,66.39819348694104,316.11687478707955,-0.0144993704425659,-18.015061479724466,35778563.58198259,-23619348.077159084,34918651.33585012,39864.0076622694,-2546.902044766364,-1723.4488619080837,7.014732948606293
2022-09-13 12:00:00.000000Z,0.0003008191052169,42165964.90239487,0.1414452496074777,101.54426046217412,67.17654469866999,345.44976428466754,0.0005878279675836,-18.001531310864983,35775550.14885865,-37942226.88993041,18366107.90954352,82699.04298047403,-1339.756289228894,-2768.3335690226195,4.608220109934439
2022-09-13 14:00:00.000000Z,0.0003223390142769,42166863.802188,0.1413968404957619,101.49346130821664,68.22283631565959,14.552594819930864,0.0154659729477076,-17.985345860922838,35775570.56947406,-42036635.52321576,-3137783.4260785813,103202.62142074842,228.68637197900333,-3067.007154986348,0.9551037231344116
2022-09-13 16:00:00.000000Z,0.0003201751944435,42166777.1166789,0.1414234121456951,101.41992879043129,68.21513564737556,44.72977694383516,0.0260887981625817,-17.971530920231174,35779046.58697268,-34798953.9226385,-23796044.86721289,95823.69525042866,1735.2901616078834,-2538.899719924753,-2.9576211812845323
2022-09-13 18:00:00.000000Z,0.0003026039175473,42165863.76845138,0.1415466863508841,101.35604751796956,65.46039557195668,77.63723000513586,0.029576611855799,-17.964829999461795,35784991.26108308,-18182383.2088949,-38041114.77492004,62544.44471964266,2773.7966351514788,-1326.799485903796,-6.072982497003364
2022-09-13 20:00:00.000000Z,0.0002841783214719,42164947.152493,0.1417082845037639,101.32890502246464,60.86962882814657,112.33455689884,0.0249973165932409,-17.9675435349174,35791360.710247554,3332874.6699197786,-42037582.36283639,12341.578101767524,3064.7377022859887,242.1693086344486,-7.5499265596198
2022-09-13 22:00:00.000000Z,0.0002646413843979,42164834.6358999,0.1418047151995612,101.33261929772767,56.78662629840122,146.4849883069972,0.0136170055793902,-17.978535165192312,35796000.08780546,23950835.133405916,-34713306.30665266,-41239.208491834506,2530.4039390405783,1745.343052493609,-6.989388292514459
2022-09-14 00:00:00.000000Z,0.0002385264139684,42165685.8071687,0.1417782593143123,101.32052998740788,53.141994761598085,180.20845995125435,-0.0014428815738773,-17.993922252579853,35797606.37041062,38121119.48263549,-18043463.285453796,-83731.1334203572,1315.042421717445,2778.36805449159,-4.540326454869853
2022-09-14 02:00:00.000000Z,0.0002161000947941,42166780.61064094,0.1417080094756015,101.24047016188112,49.07673307050829,214.4208666777052,-0.0160496411576773,-18.008974390432538,35796159.744185686,42030049.79194364,3483601.513941692,-103637.36911634704,-254.2912834081384,3063.48090108452,-0.8600628740986804
2022-09-14 04:00:00.000000Z,0.0002113412424359,42167017.36626598,0.141764512631532,101.10094758828554,48.29201079444935,245.41617753624885,-0.0261893298529883,-18.020042020088304,35792586.26551379,34624502.04366238,24072902.43410111,-95535.26781247625,-1755.420680012665,2523.8311647742166,3.0597768668631726
2022-09-14 06:00:00.000000Z,0.0002197664267461,42166099.4485682,0.1420017254060967,100.98079046475677,53.93006735834536,269.97516606309614,-0.0290838960932195,-18.025284737547224,35787964.43405508,17896074.724938303,38179927.03991558,-61565.81629620632,-2784.213400516061,1304.3078599139826,6.158318042761113
2022-09-14 08:00:00.000000Z,0.0002338806986917,42165023.9243182,0.1422651178076763,100.93725339102323,61.34874166312739,292.6833827050518,-0.0239679706633846,-18.02406235233708,35783081.9581926,-3652157.4034756273,42002738.14358356,-10884.28913800681,-3063.2814665281667,-267.0177424990717,7.593760760238672
2022-09-14 10:00:00.000000Z,0.0002550007512039,42164896.28234815,0.142385200462076,100.94185325226022,65.75323066066838,318.36412080616714,-0.012286344505877,-18.016370565596727,35778722.160049096,-24215799.32485769,34507883.226429,42807.089254381695,-2516.940770829668,-1766.9003518148486,6.974579311264537
2022-09-14 12:00:00.000000Z,0.0002825658747898,42165709.23872931,0.1423545921260327,100.92837653441708,68.00553670462959,346.2204618610177,0.0027271128302852,-18.00333817811683,35776000.36632085,-38252380.77615518,17712126.960985735,84973.92852949467,-1292.0325161149538,-2790.8800811357987,4.466499485362858
2022-09-14 14:00:00.000000Z,0.0003032626136637,42166575.20107605,0.1422972702531428,100.8618909366144,70.05702154457411,14.332978629488473,0.0169467302361472,-17.987959276310917,35776048.452347375,-41977091.19240175,-3858537.327840299,104190.7291696048,281.28316569446696,-3062.5857355014973,0.7472459905046506
2022-09-14 16:00:00.000000Z,0.0003045110458784,42166724.06340104,0.1423424608494909,100.75943877147236,71.11165868365917,43.47615063410757,0.026481332316429,-17.974735732251666,35779267.56292318,-34386025.735394955,-24389319.859281264,95236.67505475706,1778.594410434333,-2508.73141100784,-3.1774370290638765
2022-09-14 18:00:00.000000Z,0.0002904789961574,42166118.98883806,0.1425292703477766,100.66906601901395,69.55498210220172,75.21201374220863,0.0287315289859718,-17.96805268531091,35784852.35679297,-17527436.494892485,-38347137.829428576,60508.32271545391,2796.173209639968,-1279.0142299738152,-6.246498101098416
2022-09-14 20:00:00.000000Z,0.0002740306516871,42165336.13999924,0.1427811149528486,100.630901933015,65.65552343702602,109.22956077857634,0.0230935445411604,-17.970260145994054,35791001.870414935,4053455.647289779,-41973869.04161041,9368.741773003532,3060.171329570744,294.7226615140682,-7.630564880455472
2022-09-14 22:00:00.000000Z,0.0002586732093785,42165041.47329887,0.1429592366863296,100.64116263662936,61.32309041296151,143.62350296753178,0.0111205269422885,-17.980625750008958,35795685.085509695,24542967.564074203,-34296822.6309713,-44382.43972463321,2500.1103579293745,1788.5196964416027,-6.954830729658911
2022-09-15 00:00:00.000000Z,0.0002404890180058,42165504.22758269,0.1429789177929792,100.64331523706998,57.08670237510062,177.9248013082894,-0.0038973619600961,-17.995700941133475,35797500.914766744,38425210.7759289,-17386206.47189283,-86225.58399591171,1267.170496281964,2800.5271595534723,-4.398523705137205
2022-09-15 02:00:00.000000Z,0.0002243179525692,42166367.81239075,0.1429215216615763,100.56818599996296,52.3765740042212,212.7770621446423,-0.0178210392583322,-18.010834662518384,35796182.88801928,41964064.9850452,4204702.055640873,-104825.55575316472,-306.84621269231985,3058.6471022675714,-0.646891180434513
2022-09-15 04:00:00.000000Z,0.0002206403497551,42166820.97631075,0.1429996122368715,100.41168964681911,49.64493039010405,245.73616102646972,-0.0267925216547841,-18.02200882730339,35792505.529342264,34206073.42339853,24663709.972676806,-95090.90909858562,-1798.5098872869205,2493.306719948157,3.29025552231644
2022-09-15 06:00:00.000000Z,0.0002270556528719,42166349.411504425,0.1433184723420649,100.26255228698322,52.43955155607365,273.1678407792076,-0.0283143360081158,-18.0269758765137,35787681.173907176,17237702.98285764,38481349.61582376,-59577.305169635714,-2806.2357490909726,1256.2980759321993,6.347312430813177
2022-09-15 08:00:00.000000Z,0.0002362438606259,42165448.68635176,0.1437124549370783,100.2047142018654,58.66196432370698,297.08720858678123,-0.0219666853055163,-18.025165492273125,35782773.97175234,-4373277.351246398,41933480.62670804,-7838.51198012542,-3058.280550393818,-319.59936332779085,7.6916412779010095
2022-09-15 10:00:00.000000Z,0.0002500189944514,42165091.87888473,0.1439415598898197,100.21824488046316,63.934669048366224,321.8912105450241,-0.0095265857668422,-18.01706410894569,35778658.94661071,-24805343.841497645,34086481.67015493,46137.72565482342,-2486.2339552293342,-1809.8731771224536,6.953603348834144
2022-09-15 12:00:00.000000Z,0.000270032636909,42165562.48225827,0.143958960278403,100.21948117889144,67.51791753770698,348.40174855076566,0.0055462801059252,-18.004179572482315,35776271.76812669,-38551386.35756624,17052187.334021457,87724.61775241757,-1243.902242686995,-2812.634602147476,4.329608608046483
2022-09-15 14:00:00.000000Z,0.000286788957046,42166281.57748427,0.1439110827905767,100.15579888344826,70.61041528414856,15.469822421777982,0.0190823567472766,-17.98942689937499,35776489.61929277,-41905060.38047521,-4579006.596113541,105632.92106993364,333.83457593313346,-3057.260639566559,0.5286401487653173
2022-09-15 16:00:00.000000Z,0.0002889282421726,42166567.43401047,0.1439716127484146,100.0423644636176,72.72735855197197,43.56099873804536,0.0273508221686605,-17.97687455012534,35779600.3835177,-33962608.14626198,-24976129.567305077,94976.98944602862,1821.3999548267088,-2477.79086387616,-3.42097055505808
2022-09-15 18:00:00.000000Z,0.0002775121605508,42166254.73351792,0.1442055344577485,99.93755605086956,72.45423958866174,74.02745749686183,0.0280763563432128,-17.970473838554565,35784894.71682121,-16866872.27531838,-38642288.0913534,58598.93145126948,2817.7268668513348,-1230.8071189434054,-6.450841595618631
2022-09-15 20:00:00.000000Z,0.0002626411372908,42165687.072135314,0.1445331347505927,99.89339452145556,69.5863268758771,107.01968771392498,0.0210545920805278,-17.97245029089327,35790788.90835263,4773233.667555383,-41897905.82734759,6297.529236337531,3054.687406788505,347.22802772057435,-7.741611696268828
2022-09-15 22:00:00.000000Z,0.0002500749873699,42165338.62106495,0.1447933026300289,99.91246194596422,65.4145968772155,141.24461225568152,0.0082046333460269,-17.98232464945941,35795423.45652358,25128122.86788203,-33870110.06734662,-47819.51078849359,2469.05939132618,1831.1974979591532,-6.943098536715067
2022-09-16 00:00:00.000000Z,0.0002387664786245,42165481.73323736,0.1448754852312674,99.9367195449301,60.84258910727978,175.8597624423665,-0.0069494623499265,-17.99706302483008,35797386.15118568,38718083.55328384,-16723540.710396037,-89135.39359127101,1218.9043362119603,2821.877599571845,-4.26710566964079
2022-09-16 02:00:00.000000Z,0.0002387304190202,42165703.82140561,0.1448456242509068,99.88679568686707,51.78586022038908,215.03356262451345,-0.0202277766891536,-18.012052070799754,35795808.426342905,41885257.926465765,4924988.206890558,-106452.78466576705,-359.39658729568447,3052.921551168268,-0.4301047478441244
2022-09-16 04:00:00.000000Z,0.0002397932924367,42166193.584446296,0.1449329544476749,99.74213085135828,48.15577883815091,248.8798480483756,-0.0279303803951417,-18.022645296247944,35791697.7862206,33776394.86501023,25247595.680951796,-95014.33469182916,-1841.1813459963048,2462.008780503681,3.536388101131243
2022-09-16 06:00:00.000000Z,0.0002471599184341,42166108.0515902,0.1452959237741108,99.58596902223124,48.60884076348137,278.66145465901394,-0.0278705738971645,-18.02626909383921,35786399.0644089,16572240.251525858,38771195.647840105,-57811.6242022544,-2827.544224574601,1207.789562026451,6.560197118712956
2022-09-16 08:00:00.000000Z,0.0002535764661974,42165508.47159179,0.1457949978510684,99.52153338194688,52.80703401742382,304.61363737903906,-0.0200188161723537,-18.022461515132623,35781296.0554822,-5095735.931804915,41850343.455526926,-4827.826191383918,-3052.422372802618,-372.3112172743968,7.816929021179058
2022-09-16 10:00:00.000000Z,0.0002599608399783,42165063.69644052,0.1461408465741212,99.54749279746076,57.82090276108358,329.6660273465058,-0.0065376695919538,-18.01238023889665,35777465.34306601,-25390034.68178404,33651723.35691418,49627.11780957088,-2454.693477967189,-1852.5682655689052,6.958077973311135
2022-09-16 12:00:00.000000Z,0.0002701467867487,42165211.42183273,0.146228399546564,99.57319833582778,62.2099416389138,355.3475100160364,0.0088274303519822,-17.998291703159833,35775721.13853059,-38840173.81725262,16382320.055512143,90792.97907891708,-1195.1482163465375,-2833.7248058546465,4.210508475528823
2022-09-16 14:00:00.000000Z,0.0002792016984487,42165699.0008478,0.1462017982006667,99.5283127822688,66.16694074075346,21.532402364899536,0.0218079346715093,-17.9834219377596,35776610.443855315,-41819654.337705895,-5303554.563978627,107479.56286833658,386.6107368791411,-3051.005678391209,0.3158276846866089
2022-09-16 16:00:00.000000Z,0.0002786719116804,42166018.99270564,0.14627032974886,99.42035805741534,69.1592383934493,48.74202785839592,0.0288004215731425,-17.971585604467982,35780131.28556943,-33526020.265287377,-25560056.7827478,95114.76192886414,1863.916224572552,-2445.894274015767,-3.672210451359061
2022-09-16 18:00:00.000000Z,0.000268169083489,42165952.6050539,0.1465304426315899,99.31264882483175,69.98962157887495,78.10689234863511,0.0278546820779464,-17.966177715696553,35785482.3622669,-16196984.552615432,-38928463.12316038,56987.47359126657,2838.5251487472788,-1181.910170231842,-6.674558020849651
2022-09-16 20:00:00.000000Z,0.0002548349832872,42165641.83134745,0.1469112815144398,99.26728921884052,68.19340591712718,110.0278456591332,0.0192015480163188,-17.968932795923326,35791182.425671816,5495843.082667771,-41809654.36557434,3356.2226401349144,3048.2029626396966,399.9405558490578,-7.879000541530926
2022-09-16 22:00:00.000000Z,0.0002450033795648,42165347.95672503,0.147240852058913,99.29570639802988,64.45996006743785,143.8047694253822,0.0051869025436935,-17.979174926940274,35795547.00868738,25708925.11800963,-33431544.357277784,-51322.64424672652,2437.062660218153,1873.555616363512,-6.958349119190901
2022-09-17 00:00:00.000000Z,0.0002404523294567,42165266.26632002,0.1473857626619101,99.34433637350932,59.843739932057865,178.4397323926479,-0.0103619689118501,-17.993940820201438,35797264.24263986,39000778.71629345,-16052887.973249678,-92288.45993829578,1169.998911801837,2842.504313457488,-4.156963075622814
2022-09-17 02:00:00.000000Z,0.0002409231972988,42165475.69596195,0.1473865374233021,99.32994970845704,55.10609916190269,213.2589500735539,-0.0231650055918492,-18.00888659390397,35795832.62402726,41794050.78983061,5647058.721365089,-108443.2055685077,-412.00959108381846,3046.2570716697624,-0.2245666434326849
2022-09-17 04:00:00.000000Z,0.0002471822361665,42165853.47177781,0.1474683314366559,99.21648572635196,51.23580396952677,247.31406780051583,-0.0296464939640752,-18.019659809078483,35791734.08683992,33335784.336152807,25826622.314036008,-95339.083091284,-1883.3864651942831,2429.8553614863467,3.783233359171185
2022-09-17 06:00:00.000000Z,0.0002578464842056,42166042.63741928,0.1478338701508075,99.07174938913452,50.04535726870019,278.72773738315374,-0.0279275010554365,-18.023303678597856,35786253.13811173,15900794.901160637,39051214.26725816,-56400.84676062477,-2847.980854739767,1158.7988560255756,6.785001146215578
2022-09-17 08:00:00.000000Z,0.0002663430421285,42165806.88457575,0.1483968371082751,99.0080643852952,52.23163366649192,306.6914928711741,-0.0183883728472113,-18.019090275063864,35780957.630194865,-5817272.321920961,41755821.13159548,-2052.1508184384065,-3045.5742295164523,-424.9611533610094,7.963140201497915
2022-09-17 10:00:00.000000Z,0.0002700267059371,42165416.41339628,0.1488474367443367,99.04769037123914,56.223276513001785,332.75306590912385,-0.0036122947326534,-18.008386233495333,35777156.32911974,-25967253.425268985,33207946.194859028,53053.97423508696,-2422.3736296100988,-1894.690613627329,6.9887913798158365
2022-09-17 12:00:00.000000Z,0.0002724398765689,42165301.93408237,0.1490139260430648,99.10331017773017,60.482356734129965,358.5349463426592,0.0123185345720739,-17.99394470629196,35775681.17857681,-39117374.12857995,15708806.255619517,93990.73098620778,-1146.055784242876,-2853.9394998563325,4.117458610150233
2022-09-17 14:00:00.000000Z,0.0002734582335179,42165505.66188279,0.1490141436908957,99.08891935475395,64.60524875238627,24.52325596899034,0.0249741247363766,-17.979269529674003,35776877.75184905,-41722060.46390289,-6025190.597623505,109623.42690794916,439.21808987886936,-3043.8508181384,0.1225620422604186
2022-09-17 16:00:00.000000Z,0.0002687150369894,42165761.81628365,0.1490807240703557,98.99962599349922,68.09453045349386,51.21664571318851,0.0308203714738441,-17.96802277778833,35780525.75735897,-33080072.648972545,-26135272.89757054,95650.80557590204,1905.8392622411448,-2413.321934717392,-3.915594146828742
2022-09-17 18:00:00.000000Z,0.0002573108856281,42165876.15197298,0.1493442157681805,98.89852787266032,69.98604112847075,79.51320068118456,0.0281969588553282,-17.96318567305061,35785761.708039194,-15523020.54614226,-39202386.093878604,55780.79178584803,2858.483438454375,-1132.723962950645,-6.904404597374747
2022-09-17 20:00:00.000000Z,0.0002436167976458,42165833.555990286,0.1497523370181664,98.85552036772064,69.53249345592928,110.08892395556757,0.0177694160327031,-17.96615144731523,35791222.66301014,6216241.436063574,-41708670.99409322,728.2530830297637,3040.84923923289,452.4954292967172,-8.0351235380789
2022-09-17 22:00:00.000000Z,0.0002339215439876,42165678.27151568,0.1501315194697627,98.89207654158078,66.66965550464971,142.98728314561035,0.0023457121151312,-17.976212264991,35795416.42741916,26281809.215576243,-32982906.5307023,-54679.38707567009,2404.3844530483275,1915.3465632443924,-7.000247556996674
2022-09-18 00:00:00.000000Z,0.0002328872870089,42165472.515066296,0.1503297259124215,98.96291710607495,62.33825248050376,177.31552272096093,-0.0138822706215399,-17.990674234794255,35797144.537553795,39271899.04629104,-15377359.932794783,-95495.87174272227,1120.785914339678,2862.2836557236524,-4.074770886561807
2022-09-18 02:00:00.000000Z,0.0002400835833205,42165368.95853695,0.1503575564198303,98.9861513732976,58.005624622784985,211.6922076144486,-0.026464567360246,-18.005518415573885,35795844.95751372,41690361.53404734,6367594.559330816,-110672.74872113136,-464.50797981205744,3038.69001015607,-0.0415253115295414
2022-09-18 04:00:00.000000Z,0.000252028281873,42165531.44520016,0.1504206671073241,98.91335053760756,54.42055951633877,245.42126399310385,-0.0318912407599414,-18.016458960415022,35791812.42742774,32885180.945612743,26398111.41953179,-96030.26001779293,-1925.0299876035103,2396.975606280331,4.017807840876883
2022-09-18 06:00:00.000000Z,0.0002666240321664,42165859.74149828,0.1507513945570718,98.79242851230822,52.30443849433908,277.73664764274395,-0.0285577856756818,-18.02024858646512,35786206.3474455,15224593.390643924,39319721.97699877,-55400.50136215816,-2867.5584212264994,1109.4572154404768,7.010009869442184
2022-09-18 08:00:00.000000Z,0.000279119126151,42165991.08135992,0.1513299654611329,98.73490481419262,52.73788175875468,307.4472979611736,-0.0172483524341382,-18.01581285763803,35780695.88779578,-6537008.926799515,41648946.0185915,359.8822353906989,-3037.8076025311307,-477.4887202686681,8.121956592493289
2022-09-18 10:00:00.000000Z,0.0002834421384116,42165783.19694024,0.1518579848023796,98.78660840247856,55.40456368237772,334.8223128667845,-0.0009827919235296,-18.004551255914645,35776829.50850768,-26536616.030004915,32754328.680338785,56246.86033254061,-2389.3287846811745,-1936.2547803586344,7.042346871041032
2022-09-18 12:00:00.000000Z,0.0002802772876998,42165498.131014265,0.1521008327177147,98.87280727632164,58.98473626379625,1.2529878071192857,0.0157818387205406,-17.989644200363166,35775545.925429806,-39382795.185771495,15030601.807695962,97142.65445498611,-1096.62237225366,-2873.315001229266,4.052836037025709
2022-09-18 14:00:00.000000Z,0.0002731718640125,42165397.49660746,0.1521287099399028,98.89556140660332,62.69146401862066,27.620302435256672,0.0283942530032126,-17.974982799624794,35777054.06978023,-41611908.72567053,-6745121.078795994,111926.4353228458,491.6959851584345,-3035.798421778058,-0.0433973938093279
2022-09-18 16:00:00.000000Z,0.0002627312561017,42165501.6490005,0.1521829501039383,98.83415693183224,66.13842931723562,54.32762743807901,0.0333202364643574,-17.964227429836846,35780902.490982965,-32624133.70769941,-26702831.20601349,96517.35280801207,1947.1941983076135,-2380.03186946599,-4.139747684511776
2022-09-18 18:00:00.000000Z,0.0002488392223657,42165718.61429077,0.1524277324572632,98.74673674211448,68.72652373142692,81.91329863865337,0.0291305947993762,-17.960012154349226,35786103.06770994,-14844321.777792096,-39464746.62558416,54997.80342330086,2877.5829657631425,-1083.1970683655309,-7.128197072450898
2022-09-18 20:00:00.000000Z,0.0002336671318133,42165930.38511238,0.152836435652887,98.70833965077256,69.56407257037831,111.1929546159196,0.0168954036934292,-17.96333898231515,35791353.26749903,6934829.8728200095,-41595360.81933334,-1486.2036115863675,3032.5790976735034,504.9165326239438,-8.200087050453599
2022-09-18 22:00:00.000000Z,0.0002228707607027,42165974.965846,0.153242036942187,98.7504969444389,67.81881537267385,142.96818049533502,-0.0001076331095754,-17.97335225243878,35795339.291457176,26846842.354977462,-32524541.884636573,-57734.45767776282,2370.983838377232,1956.5666078244144,-7.06369086453536
2022-09-19 00:00:00.000000Z,0.0002235161478343,42165742.29541668,0.1534791280278902,98.8384361735605,64.0419783816922,176.72503475297708,-0.0172784949907456,-17.98753523970107,35797014.62299903,39531277.56031467,-14697339.533574749,-98586.73104789342,1071.2389024985057,2881.214179167549,-4.021334268670194
2022-09-19 02:00:00.000000Z,0.0002360722122231,42165379.01013029,0.1535275717124455,98.89535211340538,60.30568080485045,210.4718847958416,-0.0299302698988365,-18.0022017889606,35795820.61023631,41574220.86581363,7086190.165227549,-112997.17650215684,-516.8651688141648,3030.2257661956974,0.1127669026431672
2022-09-19 04:00:00.000000Z,0.0002536307233078,42165265.277014114,0.1535634190961601,98.86465156710128,57.38857265258154,243.4907782052258,-0.0345478080580247,-18.013247212862076,35791899.47372475,32424782.122213207,26961751.990686957,-97002.37619537828,-1966.0930749388317,2363.3895324295986,4.230439249603667
2022-09-19 06:00:00.000000Z,0.0002722617688533,42165597.9118145,0.153831445354323,98.77391010776752,54.98252066226804,276.06569388317075,-0.0297458962191085,-18.01725495784248,35786244.741946355,14543931.030284535,39576585.93618355,-54799.79956619096,-2886.268597127927,1059.7930114514038,7.224551780793579
2022-09-19 08:00:00.000000Z,0.000289550888011,42166048.753008045,0.1543782552475581,98.72579484666812,54.05192204567401,307.1310126135813,-0.0166837832625602,-18.012784935187028,35780539.54127817,-7254627.711001413,41529801.093131,2345.0775504111853,-3029.1246092161946,-529.8631988178894,8.283839704414808
2022-09-19 10:00:00.000000Z,0.0002973986597514,42166123.61907059,0.1549456228411234,98.7856143653606,55.35875686441487,335.85817558450333,0.0011852611538011,-18.001107498331354,35776542.66001911,-27097862.201079644,32291165.82766251,59083.49820614956,-2355.5732252508224,-1977.233777547196,7.112174498644555
2022-09-19 12:00:00.000000Z,0.0002916524006138,42165782.50964203,0.1552520235734267,98.89833077453788,57.97033585289682,3.231411573142724,0.019008142949173,-17.985715955385952,35775367.30219569,-39636325.20902594,14348157.711970173,100094.7256480519,-1046.8743962814851,-2891.836427571628,4.0146094167424575
2022-09-19 14:00:00.000000Z,0.0002774707605342,42165389.27127886,0.1553050923884009,98.95963895368423,60.802137986317696,30.43520840373633,0.0318641917443043,-17.97094344624457,35777163.9661262,-41489301.84090302,-7462853.4255189635,114238.75091363688,544.0129617291038,-3026.852444916988,-0.178837025774582
2022-09-19 16:00:00.000000Z,0.0002607299036094,42165266.35180169,0.155338136088197,98.93134387115956,63.61197059647324,57.746155443933965,0.0361503354457654,-17.960588419961365,35781260.264318265,-32158517.326375,-27262336.90641457,97605.0465558572,1987.9556502738687,-2346.046544011137,-4.3368562232220045
2022-09-19 18:00:00.000000Z,0.0002431474982186,42165499.90963511,0.155544838727232,98.8623765240392,66.36397025736973,85.14881631998172,0.0305971743669129,-17.957025024037836,35786493.41274463,-14161335.606989784,-39715357.86537693,54596.53558840804,2895.8130206971205,-1033.3631981578048,-7.335431334587287
2022-09-19 20:00:00.000000Z,0.0002253253978904,42165932.08620308,0.1559285733418507,98.8298785689436,68.25226951477048,113.37133441977797,0.0166264356139556,-17.960840821485036,35791562.24503124,7651146.818115868,-41469789.92060845,-3251.6394103364,3023.399308677921,557.1690061746497,-8.36334315509782
2022-09-19 22:00:00.000000Z,0.000212160673776,42166215.84294348,0.1563360564090176,98.87438783817863,67.73924227371108,143.91190278328324,-0.0020333978020725,-17.970930749968826,35795307.5670022,27403668.129985653,-32056742.713494327,-60384.32062843477,2336.8824954554166,1997.1891702509524,-7.140739734419356
2022-09-20 00:00:00.000000Z,0.0002126608429091,42166045.5180778,0.1565948337846504,98.97249751502214,64.76042252030506,176.86082691564442,-0.0203536544619885,-17.98485667835197,35796862.12641861,39778748.7628492,-14013258.46423244,-101415.793320951,1021.3878337989707,2899.28463190033,-3.993234223177356
2022-09-20 02:00:00.000000Z,0.0002288863692816,42165493.846265286,0.1566567909572905,99.05529182251408,61.806712348950335,209.79948389511043,-0.0333565011474796,-17.99925001226304,35795731.24808294,41445680.838164754,7802398.102785397,-115265.3615871137,-569.0523547065555,3020.871227034057,0.236541692099035
2022-09-20 04:00:00.000000Z,0.0002515261059127,42165080.482611135,0.1566624045633495,99.06244565020852,59.86151864826254,241.8086201026052,-0.0374502708264991,-18.0102828822348,35791951.706099994,31954815.69646,27517203.787044447,-98133.88508020088,-2006.5568074852413,2329.119017972904,4.4149022834379
2022-09-20 06:00:00.000000Z,0.0002740441651864,42165297.22711213,0.1568515044386724,99.00334121604338,57.71919207392905,274.087955539252,-0.0314015306920828,-18.01450805266117,35786333.34196708,13859124.540804584,39821655.56315093,-54533.02344316477,-2904.1056274500224,1009.835703874938,7.419650772905733
2022-09-20 08:00:00.000000Z,0.0002960915988355,42165980.22817444,0.1573262328520877,98.96604765231022,55.866755391495865,306.0641711443422,-0.016697664582411,-18.01015811912252,35780491.0123437,-7969812.892884102,41398453.8717161,3900.5454332620775,-3019.530979194564,-582.054450078123,8.439005855912576
2022-09-20 10:00:00.000000Z,0.0003095426642679,42166399.91869315,0.1578888869785375,99.02851127041616,55.92179730551475,336.040718176682,0.0027963199725782,-17.998246491150095,35776334.613690324,-27650755.160363767,31818727.735090543,61493.145452766,-2321.123227211184,-2017.6024792817068,7.189533346560449
2022-09-20 12:00:00.000000Z,0.000304545537434,42166131.04226085,0.1582365947373128,99.15934611209312,57.48722048014471,4.442418834366766,0.0218287002614854,-17.982428244888812,35775191.09485454,-39877880.867202,13661886.209225183,102722.72824434748,-996.8377417747898,-2909.490638419058,3.9969863905409615
2022-09-20 14:00:00.000000Z,0.0002852599757233,42165491.64338158,0.1583098823644488,99.25525400683436,59.19059438822009,32.74022246090118,0.0351793255853064,-17.967477037068974,35777236.41363813,-41354361.50224194,-8177942.30637136,116410.22700276732,596.1394177159893,-3017.0174051403565,-0.2849863325633537
2022-09-20 16:00:00.000000Z,0.0002625172302214,42165083.6186259,0.1583161392433081,99.26129887125072,60.83290071605979,61.18402606129919,0.0391187008843794,-17.957450827729772,35781609.1332268,-31683542.809550468,-27813441.93044788,98773.4622474141,2028.099947214835,-2311.387840526474,-4.503027267817006
2022-09-20 18:00:00.000000Z,0.0002406777933639,42165242.25146054,0.1584697735434792,99.21355061347064,63.09943854657089,89.05024972072572,0.0324647501596375,-17.954566904572555,35786934.60431818,-13474505.158708291,-39954073.70185241,54480.95761308601,2913.163842119819,-983.2551410741414,-7.517919580014979
2022-09-20 20:00:00.000000Z,0.0002192117986251,42165841.44115583,0.1588055256169003,99.18763506582413,65.57456873510678,116.67873985619788,0.0169238373492892,-17.958997862533014,35791852.928536,8364739.855295556,-41332059.66862257,-4595.4918629582735,3013.317153782596,609.2185390287816,-8.514430285999769
2022-09-20 22:00:00.000000Z,0.0002023758075634,42166383.40313164,0.159190128410401,99.23103931840464,66.21163164741569,146.07011394560053,-0.0033670718235966,-17.969298005797658,35795326.25471988,27951943.82302944,-31579834.12006802,-62580.7813090412,2302.1029188695275,2037.187905323322,-7.221300651898315
2022-09-21 00:00:00.000000Z,0.000200910392786,42166353.94395808,0.1594517408523288,99.3314734654534,64.20044039965295,178.0493093310916,-0.0229562191085994,-17.983000292853117,35796683.69474657,40014168.164304204,-13325579.057558944,-103871.28943636296,971.2638293464788,2916.484228137543,-3.983276908315696
2022-09-21 02:00:00.000000Z,0.0002188471325644,42165697.30870216,0.1595201400747952,99.42995264778357,62.22835094871016,209.9910391345729,-0.0365423820421085,-17.9970147018227,35795552.07973701,41304822.46677542,8515745.685989652,-117329.71620892074,-621.0398774716082,3010.634300189822,0.332373234351233
2022-09-21 04:00:00.000000Z,0.0002455562823343,42164994.14092675,0.1594981289269663,99.46678596717072,61.54289735313161,240.7109377455413,-0.0403970120382025,-18.007864536441012,35791920.50033718,31475540.37403209,28064109.65837733,-99277.05082286884,-2046.4027806920892,2294.1871177253915,4.568716304660446
2022-09-21 06:00:00.000000Z,0.0002716173264536,42164996.54689168,0.1596046813121077,99.43698361750904,60.17704321076128,272.1843682465228,-0.0333688876745759,-18.012219556751404,35786419.92449176,13170510.575366229,40054769.28472088,-54486.33429768992,-2921.0662105248057,959.6150616557736,7.588605531313207
2022-09-21 08:00:00.000000Z,0.0002978680008165,42165795.98819867,0.1599782562629664,99.41066567678216,57.89070588800453,304.58330242620286,-0.0172143367919843,-18.008076485306322,35780527.44055215,-8682251.110381776,41254957.00017407,5081.2219430556415,-3009.0357120615463,-634.0337452487959,8.578084996070858
2022-09-21 10:00:00.000000Z,0.0003180785170617,42166576.81294588,0.1604908708366688,99.46976848322468,56.88987956040105,335.619129770329,0.003828185576141,-17.99611456329553,35776222.89078148,-28195079.44211728,31337254.602143064,63459.01557887561,-2285.996614382738,-2057.3383237842427,7.264187072108191
2022-09-21 12:00:00.000000Z,0.0003171198142742,42166510.04750732,0.1608494374132706,99.60680001209307,57.469874621846806,5.000376213516868,0.0241248574609216,-17.97998253888112,35775052.074772835,-40107400.97435917,12972151.852177173,104939.319653832,-946.5369896226136,-2926.266626999826,3.9909852393169234
2022-09-21 14:00:00.000000Z,0.0002954419633391,42165708.313492455,0.1609354031045201,99.72789745485632,57.99739397319623,34.44903992861446,0.0381480904993892,-17.964835864660472,35777297.3056369,-41207214.6450655,-8890000.38964608,118300.32693098045,648.0488828817881,-3006.298401718851,-0.3672827548606668
2022-09-21 16:00:00.000000Z,0.0002678498386736,42164982.089472,0.1609138026316931,99.76512218893392,58.10896163144243,64.39212410325283,0.0420045345826104,-17.955086873553395,35781961.31506468,-31199510.715587195,-28355853.855414577,99860.9419546831,2067.6066790560767,-2276.076406850598,-4.638505647159103
2022-09-21 18:00:00.000000Z,0.0002420280059379,42164972.1246538,0.1610059395473498,99.73923197277996,59.223683785106296,93.38759464596286,0.0345371405881209,-17.952913051355253,35787435.69311287,-12784235.314671092,-40180789.89032595,54507.73592677054,2929.6276532394795,-932.9032617372468,-7.670401128940663
2022-09-21 20:00:00.000000Z,0.0002164374583391,42165665.74548533,0.161274877002805,99.72021898506117,61.61041359027799,121.09683111430104,0.0176656443754699,-17.95809582569813,35792240.86851684,9075203.135751458,-41182295.05520728,-5606.53159459878,3002.3402582746444,661.0332471792415,-8.643770028437201
2022-09-21 22:00:00.000000Z,0.0001947460984991,42166462.32384462,0.1616126531347239,99.75924109462272,63.02388662203113,149.71580627222372,-0.0041247994085143,-17.968767874749773,35795416.05176525,28491371.52696658,-31094150.358462986,-64335.04791419257,2266.666904747297,2076.5379708492774,-7.293873633283395
2022-09-22 00:00:00.000000Z,0.0001894853820524,42166639.667205736,0.1618572432511454,99.8538792471998,61.982092348517824,180.73155761072945,-0.0249917235358172,-17.982313811726122,35796491.981574506,40237430.53305855,-12634765.616006363,-105883.50707335702,920.8972705237408,2932.8027368673534,-3.980975047865713
2022-09-22 02:00:00.000000Z,0.0002069073666495,42165968.95815834,0.161924954992549,99.9564389325948,61.17988013248348,211.49980273884864,-0.0393061262974647,-17.995854757799417,35795270.30713329,41151761.21933961,9225760.51487192,-119056.774067124,-672.798683355957,2999.523044094697,0.407104968945232
2022-09-22 04:00:00.000000Z,0.0002360895710696,42165016.40771034,0.1618826421389648,100.0120234546617,62.065805299063726,240.6299635423924,-0.0431636172884296,-18.006311415327474,35791759.9082865,30987243.57578372,28602113.317936845,-100267.43051909836,-2085.6137307746712,2258.616848272217,4.693488740189572
2022-09-22 06:00:00.000000Z,0.0002650407677726,42164735.428155065,0.1619151915510018,100.00620537058867,61.98733838592811,270.7920705378965,-0.0354345679090613,-18.010617781758285,35786440.98884352,12478442.046589917,40275763.80082721,-54503.57095883495,-2937.149442755353,909.1600008107832,7.727593390951784
2022-09-22 08:00:00.000000Z,0.0002946280323914,42165519.62595373,0.1621735089969887,99.9900385421,59.82273212733749,303.0589244351285,-0.0180806337105997,-18.0066730789657,35780603.2167456,-9391632.79137282,41099350.043615706,5999.026844539874,-2997.6507195821537,-685.7747019778678,8.692841586059059
2022-09-22 10:00:00.000000Z,0.0003217677271602,42166623.78246725,0.1625955669583354,100.0402695917805,58.05931304977399,334.86611886453284,0.0043380229062842,-17.994809444320445,35776202.77132031,-28730639.24952465,30846952.87883152,65022.69163939973,-2250.212308926808,-2096.421887591442,7.325140916721319
2022-09-22 12:00:00.000000Z,0.0003277381241669,42166873.75805461,0.162928651525393,100.16926683174904,57.81135806622992,5.083520257450808,0.0258406819492015,-17.978507382071065,35774971.39321682,-40324841.119076654,12279265.042062648,106703.29217408971,-895.9947833933556,-2942.155634175709,3.985023528740421
2022-09-22 14:00:00.000000Z,0.0003069556354314,42166031.44347784,0.163016874337195,100.30061364041543,57.296166154345165,35.56481691451534,0.0406086913616245,-17.96318936895917,35777364.440636225,-41047982.07088191,-9598704.02612122,119790.38235848742,699.7190455919958,-2994.700813722045,-0.4351746654514227
2022-09-22 16:00:00.000000Z,0.0002764281373893,42164990.56756991,0.1629720273923763,100.36073375809646,55.75513830272845,67.1373628173018,0.0445745612746966,-17.953677847121607,35782322.37862383,-30706682.77971228,-28889337.597045887,100696.56497585146,2106.4600457788647,-2240.1308448374675,-4.747989971541895
2022-09-22 18:00:00.000000Z,0.0002478058291789,42164723.12413046,0.1630030602763609,100.35484498734334,55.180135734846274,97.8018213035427,0.036565065771109,-17.952238657597054,35788001.96670925,-12090863.187379437,-40395437.0242184,54494.346508608585,2945.199827156041,-882.3338711869408,-7.791283411269652
2022-09-22 20:00:00.000000Z,0.0002185241428313,42165419.807373576,0.1631930673225499,100.34266391211982,56.70551948302671,126.36467657405647,0.0186489785746644,-17.95831694629015,35792744.78836126,9782211.705462214,-41020623.63471429,-6433.196093309887,2990.476653326049,712.5858514098351,-8.743658546552966
2022-09-22 22:00:00.000000Z,0.0001913061176267,42166441.45545835,0.1634627907722938,100.37450098755136,58.19649859537648,154.91276071490358,-0.0044108416061421,-17.969559774153762,35795609.8902467,29021727.446527973,-30599999.072244104,-65723.28382946961,2230.59416861256,2115.2177491407037,-7.346513648438425
2022-09-23 00:00:00.000000Z,0.0001805916788478,42166873.57441089,0.163670410927559,100.4554484138848,57.79501782649375,185.30192245914787,-0.0264383308685884,-17.98307310072142,35796318.973727025,40448485.20625898,-11941241.068789588,-107436.2737012874,870.3154997132348,2948.230765724217,-3.973190449542922
2022-09-23 02:00:00.000000Z,0.0001950341140066,42166282.91375807,0.1637301566770151,100.54977419148162,58.21467279276121,214.85706044362468,-0.0415046391100404,-17.996087624557518,35794893.74251843,40986646.75086406,9932010.22356658,-120341.6150480815,-724.3022126693211,2987.5444730699637,0.4717113166261505
2022-09-23 04:00:00.000000Z,0.0002243753987961,42165149.6581071,0.1636783714551396,100.61131401772846,60.97941466814035,242.10306338073084,-0.045521262837712,-18.00592922393399,35791437.56708828,30490231.730235428,29130887.36571692,-100937.38793854714,-2124.174224062373,2222.4292971218947,4.795309863684883
2022-09-23 06:00:00.000000Z,0.0002549770548019,42164552.25313144,0.1636564466779394,100.62171879013168,62.71950716972971,270.43069415534706,-0.03733994512624,-18.009928855933424,35786331.70630296,11783277.723029736,40484488.73051792,-54395.32574747726,-2952.356368033594,858.4968682492802,7.836480158274602
2022-09-23 08:00:00.000000Z,0.000286759729287,42165188.98258058,0.1638030692662296,100.61397339827224,61.319962775028856,301.9239864944943,-0.0190693302721549,-18.00606254025927,35780655.69578128,-10097657.664481817,40931663.349300765,6820.345063751558,-2985.3899894147185,-737.2545350975364,8.777161755916772
2022-09-23 10:00:00.000000Z,0.0003200359220131,42166523.56069814,0.1641059566104469,100.65122770434893,59.217107248780415,334.0834183530076,0.0044687584579846,-17.994375363651645,35776248.08815187,-29257258.60610862,30347991.80828778,66288.82744194196,-2213.7897393997487,-2134.8376569361017,7.36164388042451
2022-09-23 12:00:00.000000Z,0.000334972307365,42167165.99468327,0.164376265288519,100.75751438853548,58.3949363061945,4.897768860145623,0.0269989200356772,-17.97805120012353,35774955.70716201,-40530169.55642806,11583475.702379102,108031.28683510792,-845.231281397266,-2957.151198688221,3.9658098817116736
2022-09-23 14:00:00.000000Z,0.0003186525219444,42166434.38572873,0.1644539254744039,100.87939082112972,57.12499179855367,36.14340511276603,0.0424522821349036,-17.962616331758603,35777445.40075969,-40876769.67418874,-10303797.104791235,120800.60729108517,751.1324728046231,-2982.229647141327,-0.5016069185609412
2022-09-23 16:00:00.000000Z,0.000287692538162,42165131.90466366,0.164396711837887,100.94845726244162,54.08920587929719,69.20156413937616,0.0466082032117204,-17.953302646815693,35782684.520473644,-30205266.841834333,-29413712.790651523,101118.61285102392,2144.649850534032,-2203.5665468697803,-4.840747284291952
2022-09-23 18:00:00.000000Z,0.0002582042910175,42164536.20218361,0.1643787540859532,100.95740409232766,51.56547291592384,101.79918590042388,0.0382665338593751,-17.95259434082436,35788622.72822546,-11394635.37012803,-40597967.54310222,54233.99913517126,2959.8798945288613,-831.5674415580579,-7.883478654051268
2022-09-23 20:00:00.000000Z,0.000226907833884,42165123.17663577,0.1394861900428632,101.92388385938312,50.590596821635145,131.88262067921886,0.0234706861846554,-17.95969354421293,35793372.36889889,10485556.15263169,-40847145.490129694,-4430.289403063678,2977.73818971896,763.8567940608692,-7.477096836318102
2022-09-23 22:00:00.000000Z,0.0001945784200826,42166310.79290718,0.13967399989865,101.9492961367126,51.306263655744885,161.21164511137476,0.0113841067703879,-17.97172560753532,35795941.095120035,29542913.65139972,-30097608.902076997,-55267.22194632768,2193.9034311693144,2153.2116720532717,-6.319149471772243
2022-09-24 00:00:00.000000Z,0.0001774100622643,42167021.60892151,0.1398303827075821,102.0195365222965,50.79954221264791,191.71659697131636,-0.0038789295945875,-17.98539331123941,35796209.53734429,40647385.54783534,-11245319.7558611,-91310.22848667458,819.5411678709823,2962.7608788634216,-3.461990735720533
2022-09-24 02:00:00.000000Z,0.0001865056563742,42166600.75129968,0.1398792213177713,102.106942517444,52.07596104630159,220.4224006788004,-0.0182170328606693,-17.997902310226348,35794450.1164542,40809692.22543206,10634168.710205616,-102860.20350937014,-775.530042615116,2974.703185023803,0.3280577821430405
2022-09-24 04:00:00.000000Z,0.0002129956025245,42165379.4652185,0.1398332615917711,102.17118887477896,56.81416494025238,245.6930502239554,-0.0277535940992548,-18.006936220403293,35790937.70118594,29984830.482227463,29650181.600906085,-86791.2296036284,-2162.074792459563,2185.640190886998,4.03343329340512
2022-09-24 06:00:00.000000Z,0.0002430917025189,42164476.26519411,0.1397859065563228,102.19169442827682,60.84517225531195,271.7202897634834,-0.0298802067093202,-18.010314572877405,35786029.07943451,11085354.202034976,40680825.66258409,-47395.26205271202,-2966.693505776033,807.6449571124849,6.65856557408764
2022-09-24 08:00:00.000000Z,0.0002754889186735,42164850.854352586,0.1398426092211637,102.1890621627677,60.93515127690918,301.71910981751364,-0.0239618563958213,-18.006279442804075,35780604.395000026,-10800082.926694766,40751903.78088546,4765.075131953009,-2972.271623709477,-788.4586645836345,7.497251473905266
2022-09-24 10:00:00.000000Z,0.0003131453876696,42166273.79188314,0.1400189822519075,102.2143003559756,59.08505367854798,333.6376559684713,-0.0115201066147385,-17.994728318950884,35776304.98759303,-29774837.20942587,29840458.227097902,55688.0747590687,-2176.7488182371417,-2172.577758050155,6.322405100438706
2022-09-24 12:00:00.000000Z,0.0003377062111057,42167320.08205557,0.1402007870072877,102.29727525608058,58.05009661959439,4.688012770524778,0.004151486696078,-17.978492350877037,35774990.524520285,-40723414.96471924,10884908.207517302,91689.77171979912,-794.2617564349384,-2971.2506046383364,3.4474545964736456
2022-09-24 14:00:00.000000Z,0.0003291864255326,42166859.58920585,0.1402599387047917,102.40387438401945,56.427269124638144,36.30185650855257,0.0188474319945094,-17.963014690292088,35777534.36132728,-40693691.92564814,-11005155.143697314,103079.83918549107,802.2809447431429,-2968.887751480258,-0.3569989564381626
2022-09-24 16:00:00.000000Z,0.0003006347928414,42165407.93246814,0.1402103370423929,102.47402768725534,52.31474188971117,70.43552163528129,0.0285785139284243,-17.953857117091225,35783022.644439235,-29695405.70370537,-29928894.611455865,86772.95191662366,2182.1766136053475,-2166.3912040672667,-4.068928249001248
2022-09-24 18:00:00.000000Z,0.0002725252791421,42164451.4577302,0.1401697534006142,102.49188872045744,47.94050771324525,104.87405839691172,0.0306695486569742,-17.95382403081396,35789261.1921637,-10695660.936106542,-40788357.23136362,47130.53831070467,2973.676154116694,-780.6123683849538,-6.689591875797176
2022-09-24 20:00:00.000000Z,0.0002416117107364,42164826.748464204,0.1402107470031185,102.4897940538298,46.18120451305428,136.70940073248275,0.0245055711825121,-17.96201112284925,35794103.93764819,11185180.703905474,-40661893.84312628,-5204.353915414509,2964.1265731955987,814.8378115412773,-7.513223291403124
2022-09-24 22:00:00.000000Z,0.0002060537765671,42166088.57537872,0.1403088943792316,102.50356157706229,45.53915096508317,167.40678000029143,0.0117077073385063,-17.975053552842024,35796430.95038882,30054892.45166667,-29587065.86651006,-56168.10835879896,2156.5981819950566,2190.5131142309133,-6.317306606864995
2022-09-25 00:00:00.000000Z,0.0001827504397532,42167069.90924734,0.1403956750483963,102.54309996234034,44.11052696560127,198.86392812548263,-0.0043022340554516,-17.989129764233727,35796224.913789414,40834132.35634842,-10547130.55105782,-92057.96168845837,768.5819361520628,2976.3880405916507,-3.422267754425979
2022-09-25 02:00:00.000000Z,0.00018504869042,42166895.055194885,0.1404227225602631,102.59355463350305,45.34434924363799,227.64966421376587,-0.0192225410328768,-18.001254302954006,35794013.80571529,40620973.34786195,11332086.044302965,-103215.9596359358,-826.4693239948074,2960.999129372468,0.3945580729515568
2022-09-25 04:00:00.000000Z,0.0002056453582104,42165695.60623351,0.1403933449648177,102.63256795321004,51.54475064677263,251.4842646743275,-0.0290293979596537,-18.00937252911712,35790310.67213088,29471213.63368208,30159874.68672315,-86628.25487979488,-2199.3023319780496,2148.2576866509257,4.1073512963920376
2022-09-25 06:00:00.000000Z,0.0002321643896623,42164542.10685253,0.1403543442902637,102.6481623258274,58.01299794964346,275.0800828192969,-0.0310613516155187,-18.011843057542098,35785536.052155696,10384916.865718815,40864735.91822549,-46741.2699542678,-2980.155173319905,756.618091641072,6.717343274261928
2022-09-25 08:00:00.000000Z,0.0002628631637533,42164578.636131406,0.1403594031984808,102.64889113331756,60.25628025410765,302.9226911122451,-0.02473914324001,-18.00735511848266,35780415.62067004,-11498659.71701144,40560132.52746676,5727.238591714592,-2958.300155568625,-839.374253131773,7.521446551625129
2022-09-25 10:00:00.000000Z,0.0003021936506192,42165920.75313937,0.1404216394763426,102.65832111846564,59.39733690000588,333.86585378148874,-0.0117292685780873,-17.99584148879465,35776343.43704408,-30283185.277861796,29324489.75293296,56665.67392894429,-2139.100568308332,-2209.633941295346,6.301853762735367
2022-09-25 12:00:00.000000Z,0.0003351880733719,42167300.09756213,0.1404942689598768,102.69225907656818,58.669416877344666,4.658028570797625,0.0044916936569534,-17.97978752550159,35775075.772888765,-40904476.416557126,10183743.174316715,92364.02039242088,-743.0993386612791,-2984.4501943729165,3.3855252211711946
2022-09-25 14:00:00.000000Z,0.0003367530351657,42167242.82822249,0.1405182816074598,102.7380871388313,57.232874787756415,36.146305344965526,0.0195613148462791,-17.96436237702281,35777637.519343786,-40498740.95146706,-11702591.793403244,103207.45661913308,853.1523370190697,-2954.677622594417,-0.4430808896790199
2022-09-25 16:00:00.000000Z,0.0003133607731419,42165810.73717255,0.1404947507715103,102.76960718062796,52.70696531521249,70.7318852037506,0.029407111480504,-17.955305264831615,35783309.870751,-29177162.191085223,-30434739.452247493,86271.14429676715,2219.0335427626865,-2128.6137644835903,-4.153024137715135
2022-09-25 18:00:00.000000Z,0.0002885821875226,42164520.92477926,0.1404712423254151,102.77917380033053,46.91485179356472,106.59605771019667,0.0313573177097116,-17.955809892549702,35789856.13954379,-9994024.790193783,-40966534.96580518,46111.45545878724,2986.589109236959,-729.4786633674312,-6.74522461775316
2022-09-25 20:00:00.000000Z,0.0002609169729035,42164577.28331474,0.140474064712617,102.77941344926708,43.46626554785025,140.11730151030733,0.0248716205449883,-17.96504413364379,35794881.16947125,11881041.316929188,-40464852.36154757,-6462.751833192095,2949.655779784803,865.5248902627383,-7.522040884120145
2022-09-25 22:00:00.000000Z,0.0002251062744218,42165793.61046374,0.1404915473306976,102.78193921980989,41.3760648163313,172.27291559234823,0.0116870454187347,-17.97924073207062,35797062.169665426,30557715.142215647,-29068370.89714606,-57302.69849259449,2118.6902875798896,2227.120650723265,-6.274581924542712
2022-09-26 00:00:00.000000Z,0.0001974767410878,42166996.40741778,0.1405039100470077,102.7875029174828,38.63089493957828,205.07991063404708,-0.0046521023549299,-17.99399061635207,35796401.0224268,41008850.62665172,-9846686.225772776,-92725.64590259448,717.4467308304829,2989.1101199407167,-3.3381385855621044
2022-09-26 02:00:00.000000Z,0.0001932933717274,42167117.1468284,0.1405063703093677,102.7914669175302,38.76823653396112,235.00878534445584,-0.0197478091090402,-18.005947733754308,35793653.07407868,40420675.01305023,12025733.262972469,-103193.09903428164,-877.1122300496675,2946.430538343553,0.4978054191928043
2022-09-26 04:00:00.000000Z,0.0002063471689687,42166055.14453972,0.1405067478118117,102.79156662169726,45.11072803476127,258.7411114873747,-0.0295316306253044,-18.013163503748714,35789615.1978884,28949614.13565001,30659937.886997525,-85878.44385358383,-2235.852098370323,2110.284070654853,4.201139198060961
2022-09-26 06:00:00.000000Z,0.0002261593896927,42164748.79569829,0.1405110436246246,102.790097004748,53.38843249030094,280.545664805896,-0.0313622337251862,-18.014505469715814,35784864.455857806,9682205.55811002,41036222.07861282,-45434.27225483112,-2992.744935941836,705.4220582790181,6.774276656030914
2022-09-26 08:00:00.000000Z,0.000252092697559,42164426.8859712,0.1405131463371726,102.789758263221,58.080894854402175,305.94093380822693,-0.0247411434847277,-18.00924428010522,35780049.23041471,-12193209.171878386,40356390.614269294,7251.3695508619185,-2943.488404373162,-889.9973360462991,7.522754767234861
2022-09-26 10:00:00.000000Z,0.0002895210666468,42165524.95963429,0.1405000890989606,102.78747398464542,58.945502537432,335.1724261813172,-0.0114529889398656,-17.997564231674016,35776307.83014751,-30782231.92345598,28800139.842633963,57980.3535485093,-2100.8607886162163,-2246.0065275621773,6.242980281104391
2022-09-26 12:00:00.000000Z,0.0003276875353072,42167084.521716304,0.1404732020208574,102.77386999599857,59.12584783008476,5.103676306854831,0.0049099959561416,-17.981711459687684,35775184.639981575,-41073385.12667587,9480026.244912138,93069.34013694744,-691.755785451225,-2996.75108516433,3.278514910531169
2022-09-26 14:00:00.000000Z,0.0003396405289792,42167488.99055858,0.1404610087234233,102.74523305317244,58.43358325923656,35.92198166649656,0.019918414123625,-17.966444863842376,35777752.297200054,-40292008.681526415,-12396064.696772592,103046.89079088862,903.7418801772347,-2939.599112543865,-0.5710818074025559
2022-09-26 16:00:00.000000Z,0.0003236026273199,42166278.39418207,0.1404876536738422,102.71413011131466,54.257845559675545,70.21994360468292,0.0295140560935334,-17.957456514124345,35783519.84040192,-28650631.87068666,-30931203.306569926,85220.11878576294,2255.2246940103623,-2090.2338928387594,-4.266181111464115
2022-09-26 18:00:00.000000Z,0.0003034132591623,42164759.49952701,0.1405312662619373,102.6981246220189,47.69960434187925,106.87547636967824,0.0311184573317688,-17.95830056026573,35790332.765362345,-9289761.717036158,-41132447.01331732,44404.49350057454,2998.6308866686536,-678.1632310883086,-6.80933999147691
2022-09-26 20:00:00.000000Z,0.0002812007369727,42164433.955508985,0.1405440772407095,102.6962235782365,42.88754291382777,141.76147403445174,0.0243252060565972,-17.968396923035616,35795608.39524975,12573192.031018034,-40255925.92631702,-8384.815155939132,2934.3353260994027,915.92617274268,-7.515610039090787
2022-09-26 22:00:00.000000Z,0.0002484422924898,42165469.64729024,0.1405080383078674,102.689991047876,39.60561400007339,175.11641646003756,0.0109937112358917,-17.98375175501978,35797770.28557356,31051481.109261747,-28541359.559527908,-58912.73182087144,2080.182034618445,2263.0441055330894,-6.195831798468818
2022-09-27 00:00:00.000000Z,0.0002192257716123,42166800.2305002,0.1404543881737515,102.6630208937286,35.72227595161699,209.09322889158616,-0.005262828507051,-17.999386100365953,35796740.47623136,41171628.4416984,-9143771.007480578,-93559.29370644256,666.1310116910249,3000.9304127912837,-3.205891594569025
2022-09-27 02:00:00.000000Z,0.0002104394948955,42167226.23466987,0.1404349929592432,102.61658658707567,34.26729824834939,240.6647110537312,-0.020051474451602,-18.01145299258675,35793435.19181052,40208849.91616964,12715316.907093152,-102981.9397452318,-927.4627509459004,2930.991909787489,0.6491963390027361
2022-09-27 04:00:00.000000Z,0.0002168151067737,42166406.70760058,0.1404771878533886,102.56905848759676,39.30457945094592,265.75062600676574,-0.0293808806406453,-18.017917731775693,35788945.16534061,28420073.653089687,31150522.77374084,-84630.61644335608,-2271.7231443601827,2071.7107748476064,4.330953024234828
2022-09-27 06:00:00.000000Z,0.0002285419676618,42165076.40537354,0.140556335335791,102.54127115863452,47.94150255931726,287.2234914076783,-0.0307383125419017,-18.01804665891295,35784084.04081842,8977277.677697951,41195381.79082626,-43441.71714779604,-3004.4604260220717,654.0508594562443,6.846202967055182
2022-09-27 08:00:00.000000Z,0.0002467751157827,42164439.52190278,0.1406064244932808,102.53646430646974,54.5918626966601,310.66636659730165,-0.0237720255954475,-18.011749866102676,35779520.508730635,-12883669.066335928,40140740.74813395,9481.25120926767,-2927.8379094226525,-940.332139771047,7.514649345808974
2022-09-27 10:00:00.000000Z,0.0002782296102206,42165172.97772457,0.1405728938151075,102.52940200639658,57.57039070320427,337.7891230116012,-0.0103921471674891,-17.999663642259286,35776174.41079099,-31271941.035575524,28267438.7251295,59851.87821708058,-2062.034636251356,-2281.7003726408325,6.15309407270805
2022-09-27 12:00:00.000000Z,0.0003165413881341,42166706.537021264,0.1404809922863958,102.48079803587366,59.202281896286976,6.303664285151997,0.0057423338617048,-17.983973579038658,35775302.67838929,-41230144.54550435,8773756.980928294,94052.63405464716,-640.2364599549778,-3008.156194058557,3.1266289934216625
2022-09-27 14:00:00.000000Z,0.0003366216711459,42167526.04961066,0.1404435113901582,102.38035581708807,59.77297913242472,35.93053850366587,0.0202222097655784,-17.968981035618054,35777893.70674884,-40073531.959342994,-13085579.422122922,102821.27786173212,954.0458004730496,-2923.650727918752,-0.7476871818999751
2022-09-27 16:00:00.000000Z,0.0003288580206595,42166719.03065394,0.1405414002210389,102.27430588637638,56.69611203377435,69.20448660503602,0.0291075819695685,-17.960082460672343,35783654.846443094,-28115866.73702644,-31418270.33654953,83773.05005022089,2290.750204457881,-2051.247557275604,-4.420905325848346
2022-09-27 18:00:00.000000Z,0.0003137152266194,42165153.31871997,0.1407039364338202,102.21821533855756,50.15265185219061,105.88519906649508,0.0300179026988109,-17.961050870288872,35790633.09050823,-8582900.551377112,-41286041.463823445,42057.40189384526,3009.807770531061,-626.6595409782781,-6.898227155588038
2022-09-27 20:00:00.000000Z,0.0002979901175054,42164449.96428659,0.1407881287282836,102.2103334018065,44.39152296242844,141.72570136660775,0.0227676240986112,-17.971691353367188,35796175.41577258,13261659.961500498,-40034995.69840171,-11043.26154244176,2918.1730288087388,966.0539625344628,-7.510445134968753
2022-09-27 22:00:00.000000Z,0.0002712323095322,42165176.56499982,0.1407438802952257,102.2009302616228,40.23526028489372,175.95717098299832,0.0093831130625696,-17.98802360698923,35798447.64996041,31536251.39297108,-28005810.07554831,-61178.25328298835,2041.073793349817,2298.2984295653746,-6.093700601450849
2022-09-28 00:00:00.000000Z,0.0002434584384632,42166503.79974286,0.1406469317050107,102.14911192352956,35.62637540163263,210.68341496229544,-0.0064697284653095,-18.0046211451264,35797194.729665495,41322493.82896338,-8438075.73728767,-94805.54557856687,614.6259388180274,3011.8565488175395,-3.0309507715037247
2022-09-28 02:00:00.000000Z,0.0002325397144929,42167195.27134853,0.1406145870104086,102.0563779800902,32.720936490302606,243.75128021579133,-0.0204799560060182,-18.017065231758696,35793393.125993244,39985453.01860069,13401153.84444685,-102837.1162384008,-977.5304839488326,2914.6777683482564,0.8520171935233242
2022-09-28 04:00:00.000000Z,0.000234940935656,42166692.26388332,0.140707739739127,101.96030044369952,35.71764790839728,270.92680306564085,-0.0288513643278403,-18.023040926082,35788392.70124971,27882503.529877458,31631871.904323835,-83086.25117957298,-2306.9171904470704,2032.5242458921664,4.507972213309274
2022-09-28 06:00:00.000000Z,0.000240100512855,42165479.24268341,0.1408842508844941,101.90239082375426,43.22692938301924,293.55856683680213,-0.0293265593333759,-18.02203560079178,35783293.80097834,8270061.055114156,41342359.2332847,-40864.2295844781,-3015.2962912976427,602.4919421654133,6.949359049696158
2022-09-28 08:00:00.000000Z,0.0002495476372532,42164630.6353914,0.1410255823133125,101.8921379659764,50.592639963293735,316.2927138095773,-0.0218010364284433,-18.014563161725764,35778886.18855666,-13570068.801744215,39913251.957653984,12439.490486396948,-2911.3433293480707,-990.3871759985576,7.514418957325285
2022-09-28 10:00:00.000000Z,0.000271528207826,42164949.8953822,0.1410296232453166,101.8895347505552,55.36946550580765,341.6133363624058,-0.0083579243626664,-18.00185456555437,35775948.089632764,-31752317.11578115,27726401.702186417,62419.01634991128,-2022.6206718102785,-2316.722225030427,6.046597863753471
2022-09-28 12:00:00.000000Z,0.0003042661446058,42166250.83872575,0.1409214602200332,101.82732426271828,58.67404397500332,8.468713471827105,0.0072924075410272,-17.986247683222008,35775423.882102065,-41374760.624646015,8064908.612257834,95537.11913386836,-588.5429558798992,-3018.669939751865,2.938578033944277
2022-09-28 14:00:00.000000Z,0.0003276557501445,42167327.85938459,0.1408782225812981,101.67710182259589,60.84603809318519,36.54367996060212,0.0208285555026703,-17.97164553321541,35778089.14436217,-39843337.89214832,-13771175.035741778,102792.23722502646,1004.0598567211478,-2906.8313141343874,-0.9710975800143238
2022-09-28 16:00:00.000000Z,0.0003272447833587,42167027.12289088,0.1410571247395953,101.502699159293,59.4804027369873,68.17455517593143,0.0285247625682246,-17.962940347342137,35783756.06551398,-27572929.906673536,-31895956.00668531,82177.87633143803,2325.605014357045,-2011.650120129666,-4.622849836336058
2022-09-28 18:00:00.000000Z,0.0003168277363729,42165643.70330475,0.1413757447124004,101.4013792828331,53.77783395217392,104.05963401866688,0.0283020195906962,-17.96388051200536,35790748.10905566,-7873527.236253638,-41427296.54565828,39251.49574062758,3020.119287009577,-574.9618297611999,-7.024568449701325
2022-09-28 20:00:00.000000Z,0.0003072758827988,42164655.6440283,0.1415940901822714,101.386471917603,47.54360578456182,140.38009921791834,0.0202941624394036,-17.974683506222735,35796497.0679475,13946376.040415635,-39801986.72732138,-14367.917086851689,2901.173302453992,1015.9179581292756,-7.524183549041022
2022-09-28 22:00:00.000000Z,0.0002885747842009,42164982.91697718,0.1415994579201395,101.38331588762242,42.75845583615303,175.23358789710767,0.0067694265201933,-17.991637333405485,35798971.56464338,32011983.599978216,-27461559.97097196,-64162.32569106216,2001.3670832663656,2332.897508438228,-5.986788802925978
2022-09-29 00:00:00.000000Z,0.000265283088378,42166153.14560982,0.1414934891875018,101.3215807344745,37.78313790929921,210.33532337934636,-0.008526119214797,-18.009092961357297,35797669.82219416,41461386.26440769,-7729345.94692466,-96650.55378424062,562.924998211722,3021.898412418064,-2.8281487842646174
2022-09-29 02:00:00.000000Z,0.0002547148832335,42167017.093941845,0.1414607148250707,101.19622074660296,33.854772860413426,244.45818582352192,-0.0213970121947146,-18.022091294173475,35793508.876303725,39750362.551239856,14083528.61998047,-103025.82528431992,-1027.3242581943207,2897.4859616087065,1.0991029909897048
2022-09-29 04:00:00.000000Z,0.0002561149030605,42166857.19669119,0.1416075242147042,101.05994135974028,34.81242461708919,273.71315243215645,-0.028330671392922,-18.02788426498316,35788018.05316481,27336740.622280262,32104214.622695036,-81529.98162126495,-2341.4356974101847,1992.712590655043,4.734632957083928
2022-09-29 06:00:00.000000Z,0.0002581715393971,42165890.63770823,0.1418893722671541,100.97483338910466,40.40178983205912,298.29294422329264,-0.0274450051571892,-18.02596582215866,35782591.70434207,7560417.231902252,41477291.33701419,-37935.372848883606,-3025.2448581522062,550.7330326138156,7.095175353684554
2022-09-29 08:00:00.000000Z,0.0002605626777118,42164976.12759252,0.1421483520349191,100.96108268437644,47.17785576021564,321.6213999606022,-0.0190009944171341,-18.017327929840956,35778225.33692864,-14252479.093224987,39673989.829727694,15999.140823118469,-2893.9949511827945,-1040.1699303339417,7.539590310454082
2022-09-29 10:00:00.000000Z,0.0002717125009233,42164915.682369344,0.1422366179878708,100.97279127579648,52.77308572797028,346.11007404775955,-0.0053387899592694,-18.003852130301148,35775656.778281406,-32223374.78532262,27177051.57155682,65690.24158311466,-1982.6135999707608,-2351.077163530861,5.942806597609332
2022-09-29 12:00:00.000000Z,0.000294016229489,42165827.37297286,0.142159931813464,100.9224072039774,57.39052462385406,11.64077986167853,0.0097517192503951,-17.98822948294474,35775547.77956725,-41507229.442657344,7353468.995816124,97663.53057582986,-536.6753863828081,-3028.2967491087143,2.73114955542361
2022-09-29 14:00:00.000000Z,0.0003144747534568,42166934.17045503,0.1421291745830382,100.75839898065747,61.141220566724655,38.15033931130964,0.0220671958537239,-17.974117561321414,35778367.673862286,-39601443.495039225,-14452885.818039523,103202.18294311305,1053.778154092278,-2889.14214212386,-1.2302556453440192
2022-09-29 16:00:00.000000Z,0.0003182846109494,42167116.0643941,0.1423781362565728,100.5423356024799,61.83034956145669,67.76772696613263,0.0281669055727213,-17.965795750842677,35783897.355587535,-27021902.162634306,-32364292.4652666,80729.81370933361,2359.777938312501,-1971.4403903029604,-4.868672634885557
2022-09-29 18:00:00.000000Z,0.0003115485397182,42166130.66434516,0.1428579426034012,100.40359808806794,57.75201810876422,102.06602615077112,0.0263609631746702,-17.96669616131238,35790735.854124926,-7161801.710020989,-41556240.42028319,36274.02062266034,3029.5562614380738,-523.0704808383618,-7.194038598327667
2022-09-29 20:00:00.000000Z,0.0003066889023257,42165040.963893,0.1432558692215672,100.38469704193454,51.63633227739768,138.27211119239698,0.0171949347596299,-17.977331561414083,35796553.20910971,14627145.638274085,-39556930.8125357,-18145.008549123675,2883.3360150706144,1065.5185440858436,-7.5713149765104015
2022-09-29 22:00:00.000000Z,0.0002967511195968,42164951.63760949,0.1433688345329741,100.40009372000476,46.426383043814425,173.53167902660317,0.003268061061226,-17.994453464097266,35799247.436276935,32478506.638312817,-26908618.88570264,-67779.70728747598,1961.0671565035605,2366.847489069921,-5.895618454161049
2022-09-30 00:00:00.000000Z,0.0002807174636503,42165814.72282472,0.1432929775937815,100.34957050420728,41.324722893312526,208.74797142572697,-0.0115275328865286,-18.012482222914866,35798054.690990254,41588165.986631244,-7017532.458142029,-99164.2559876476,511.0306958360551,3031.0649911256723,-2.6191270343917203
2022-09-30 02:00:00.000000Z,0.0002711137507035,42166282.67699873,0.1432709123949012,100.2138940808484,41.638152103936015,238.63833049827988,-0.0230924106641863,-18.026505264366797,35794092.999808,39503907.34830364,14762368.391761582,-103761.9731088666,-1076.7712028957458,2879.4021345467336,1.3731090126012362
2022-09-30 04:00:00.000000Z,0.0002735282804274,42166434.31872051,0.1434635668484835,100.05411454346768,40.867236795025406,269.64444475812707,-0.0282355836653807,-18.03321725379509,35788365.74247631,26783713.57959511,32567471.44969477,-80270.50512651968,-2375.1879208987284,1952.2944529732272,5.00253733369356
2022-09-30 06:00:00.000000Z,0.0002774954955515,42165807.40356952,0.1438403848574033,99.9505769664912,44.37144606680831,296.3275588973684,-0.0255369064439527,-18.0315623905179,35782478.45804166,6849882.722574411,41600425.216698274,-34984.57502156851,-3034.2372808870123,498.8454939430121,7.286441436069433
2022-09-30 08:00:00.000000Z,0.0002787317914289,42164988.31563618,0.1442205538611362,99.93721100215554,49.768977160389554,321.0346307552022,-0.0157342105025297,-18.02245948282529,35777711.972307965,-14929097.748085847,39423815.73696754,19889.85081413036,-2875.792503123788,-1089.591572374192,7.603435348240347
2022-09-30 10:00:00.000000Z,0.0002827474742675,42164658.06389929,0.1444172028607425,99.9708648571387,54.99228278321609,345.8741406312117,-0.0015300230445062,-18.00812771064909,35774959.40897498,-32683555.22681592,26620742.32189943,69518.55694564378,-1942.0736682492195,-2384.7277516047307,5.8619422381256845
2022-09-30 12:00:00.000000Z,0.0002942192070178,42165111.358772136,0.144404719828035,99.95444412440564,59.78864744234869,11.192816359167294,0.0131353216346893,-17.99164588795825,35774804.401015714,-41626441.67073974,6640763.077312395,100440.26319785533,-484.68421182206856,-3037.0803332867263,2.526373679001773
2022-09-30 14:00:00.000000Z,0.0003076814524276,42166012.33717456,0.144394540681132,99.8151364965019,64.27881145565543,36.9390285270927,0.024156797416531,-17.97671178985903,35777504.339416176,-39346850.77104572,-15129856.948355228,104209.12255552558,1103.2263395712887,-2870.655365164096,-1.5063487809078335
2022-09-30 16:00:00.000000Z,0.0003116865727773,42166524.580870256,0.1446791958109008,99.5957625021427,66.83280587852337,64.69599020845769,0.0284074760955589,-17.967260596601637,35782766.75388172,-26461324.47427556,-32822762.83239613,79699.54444265287,2393.362514326557,-1930.6259789615772,-5.1463441266479215
2022-09-30 18:00:00.000000Z,0.0003058692384838,42166070.04236818,0.145282624576704,99.4384394612163,65.11467414223297,96.65433738694686,0.0246446412256309,-17.966499186322523,35789423.68323941,-6445578.544427479,-41672011.85363748,33450.55787314719,3038.1994499754924,-470.8817300977992,-7.403764536449909
2022-09-30 20:00:00.000000Z,0.0003014120976216,42165119.05567075,0.1458680867838913,99.421426348658,60.02352159580018,131.83579557845607,0.013897970873741,-17.97534129211038,35795456.85994557,15306375.424700107,-39297918.56370405,-22065.276262961783,2864.641924261639,1115.029391408898,-7.659356409902426
2022-09-30 22:00:00.000000Z,0.0002972837054579,42164692.02956112,0.146131030128335,99.46719114298722,54.78623883907351,167.0934592019255,-0.0008170310339719,-17.991333645264767,35798773.03464522,32937622.81655772,-26343871.89585064,-71810.85836351609,1920.02807060074,2400.2913814468207,-5.837226727474109
2022-10-01 00:00:00.000000Z,0.0002885329457969,42165137.1756835,0.1461198944258493,99.45083675469256,49.89526307471086,202.0648915005723,-0.0153733248879519,-18.009369133016232,35798274.660564646,41703276.62394394,-6298885.564117413,-102273.6958431955,458.72654403560017,3039.3795087592125,-2.4267690584292745
2022-10-01 02:00:00.000000Z,0.0002840316999411,42165899.50929857,0.146113665978376,99.33156342236856,45.34924845096948,236.79781711381384,-0.025700404083666,-18.023865475318917,35794318.378085785,39243623.44793654,15441598.258809043,-105138.69323107191,-1126.279333678562,2860.3671043492045,1.6514227080216672
2022-10-01 04:00:00.000000Z,0.0002890566873526,42166268.94258299,0.1463316249690823,99.16996603343148,43.3582930257614,269.0255184594266,-0.0289064112368282,-18.030847724677283,35788335.715810165,26218161.1355476,33024432.166683484,-79546.04921953684,-2408.5236597432868,1911.0097982297227,5.294891545944784
2022-10-01 06:00:00.000000Z,0.0002956031215017,42166020.34550758,0.1467738992577075,99.05986713133068,44.97795872290898,297.600038590524,-0.0240655916880863,-18.02889216622258,35782105.738115296,6131290.608046398,41712016.22145876,-32336.357056008004,-3042.429929449012,446.4015288841495,7.51647054068419
2022-10-01 08:00:00.000000Z,0.0002971261279585,42165444.530045606,0.1472545502412181,99.05051752716555,48.76156247498197,323.9178299691072,-0.0124728514911037,-18.01898185442746,35777181.07842748,-15607206.566797089,39159741.82590364,23780.62411134048,-2856.6067971479542,-1139.0911802592082,7.710830974444653
2022-10-01 10:00:00.000000Z,0.0002954133225349,42165003.70418298,0.1475580998372926,99.10874556297742,53.104672758654566,349.61378235774964,0.0027011088372165,-18.00382958480643,35774614.57576252,-33138308.398041654,26051901.23928849,73646.0358112294,-1900.645627795983,-2417.9237965060297,5.818959676285756
2022-10-01 12:00:00.000000Z,0.0002950383472088,42165029.32589624,0.1476209543910868,99.13828512867168,57.53500710401532,15.252778833140884,0.017264204407274,-17.987096895123557,35774889.988306105,-41735060.27951106,5920444.675942806,103742.07581494916,-432.1900925424951,-3044.984655366949,2.345373895348444
2022-10-01 14:00:00.000000Z,0.0002965608955763,42165544.79396913,0.1476277910000084,99.05204353128536,62.15341384881708,40.81717069767514,0.0271411690264073,-17.972673499196773,35777942.704244435,-39080061.97304249,-15807359.302509792,105847.4923211434,1152.5989521401389,-2851.137296459455,-1.777002630795229
2022-10-01 16:00:00.000000Z,0.0002951166804476,42166148.076426975,0.147899125846494,98.86583316763576,66.00881714394849,67.2387246619572,0.0294977423936977,-17.964056947655976,35783193.49593298,-25891213.35051025,-33274864.02214709,79273.30325370053,2426.3056656510525,-1888.9845809611104,-5.436759638090104
2022-10-01 18:00:00.000000Z,0.0002885743023985,42166222.2200277,0.1485502500413855,98.71285664542674,66.69768086094615,96.78529119449529,0.0235575694777775,-17.963734617487315,35789519.4092293,-5725809.308662527,-41777091.6702136,31081.86224195267,3045.875168895198,-418.3510211861303,-7.641591628908769
2022-10-01 20:00:00.000000Z,0.0002842652658412,42165647.56204327,0.1492832696157173,98.70290254354992,63.31948422245564,130.24697303412927,0.0108769314966072,-17.972339335416976,35795252.68412666,15982050.598091638,-39027787.43018238,-25775.354683683807,2844.9993813266005,1164.3240360434131,-7.786293588224591
2022-10-01 22:00:00.000000Z,0.0002855816403556,42165061.389204375,0.1497078343786543,98.7850520684234,58.358179613705786,165.1927804759412,-0.0050490219282134,-17.987825959640258,35798565.84601723,33387306.39383152,-25771229.48870905,-75929.91490223631,1878.3399959973656,2433.088821740472,-5.821293251113159
2022-10-02 00:00:00.000000Z,0.0002868166847078,42165052.60166189,0.1497835851440973,98.82095111518969,53.61537458869845,199.96399387226396,-0.0197701393329555,-18.005656088364006,35798282.101656936,41805816.54919488,-5577888.963776566,-105760.99120300748,406.21120913863945,3046.839137713501,-2.27079461975711
2022-10-02 02:00:00.000000Z,0.0002897189521395,42165513.418753326,0.149791053370907,98.74308039558632,49.295141343369416,234.429498627189,-0.0291471037561293,-18.02038828934685,35794480.26790027,38971365.709153466,16116787.207645,-107105.67765560294,-1175.4713242810635,2840.477466304637,1.90860373490359
2022-10-02 04:00:00.000000Z,0.0002988289909303,42165953.10753033,0.1500036391683259,98.60129713128528,46.65591482138618,267.2853221014776,-0.0305109887294424,-18.02770461039708,35788409.14150004,25644422.803791225,33472001.336224828,-79489.6306041039,-2441.1455532313284,1869.1297832305152,5.587332553744289
2022-10-02 06:00:00.000000Z,0.0003097048725999,42166056.09765915,0.150466515507008,98.49644919490576,46.74067991486661,297.3895161485515,-0.0234014608808026,-18.02572509652603,35781908.270524226,5410545.1527495375,41811415.92224132,-30276.06422401174,-3049.7003679737995,393.79512097992256,7.768253170998647
2022-10-02 08:00:00.000000Z,0.000315076182087,42165831.15995878,0.1510067523476019,98.49266532017032,48.92799729186636,325.29856512511395,-0.0096989632882528,-18.015278993596315,35776770.44085303,-16280847.817973455,38884051.61647584,27304.03981603798,-2836.548363396349,-1188.2731673103171,7.856459588276797
2022-10-02 10:00:00.000000Z,0.000312301751143,42165456.49163214,0.1513928571907653,98.5716554936288,52.05598335733983,352.1896181640079,0.0068789203787853,-17.99938906227929,35774273.229793206,-33583228.78180674,25475211.35110864,77713.31952973349,-1858.634149695113,-2450.4169076617054,5.821270271375391
2022-10-02 12:00:00.000000Z,0.0003035756473164,42165168.30027894,0.1515232451381274,98.6464021127572,55.42728569413427,18.842805617383533,0.0217815317155407,-17.982290178136154,35774916.57156835,-41831179.15616432,5198159.461814292,107302.19984358568,-379.554946089678,-3051.9956974819133,2.2057597683242225
2022-10-02 14:00:00.000000Z,0.0002930676323818,42165213.72287212,0.1515371764483309,98.62443812148418,59.0506942735639,45.33752930528463,0.0308592921069635,-17.968254548709886,35778388.62174059,-38801504.19089226,-16480420.52448483,107999.23685895027,1201.631081112466,-2830.7730035041927,-2.019457082948468
2022-10-02 16:00:00.000000Z,0.0002824519145936,42165654.40131634,0.1517490373542763,98.49456623931128,62.94195431643804,71.66594734177312,0.0314983119191678,-17.960577978973415,35783768.079366654,-25313304.141476866,-33717303.462483965,79498.66577815905,2458.5108750084955,-1846.7741379845056,-5.717488983406628
2022-10-02 18:00:00.000000Z,0.0002710988118651,42166115.07039448,0.152355767503717,98.36527280872616,65.55851188038173,99.2603554929812,0.0233607573306788,-17.961037422920764,35789814.57201981,-5004404.219453875,-41869932.11936691,29363.39770485288,3052.619031047529,-365.6910842884324,-7.889435888220819
2022-10-02 20:00:00.000000Z,0.0002635363548132,42166075.64442021,0.1531525650603921,98.36400296795648,64.58876088173987,130.30485932872145,0.0085371365487882,-17.969691423522494,35795124.97830489,16652753.070094883,-38746212.73780344,-28974.370098673426,2824.497380256348,1213.2754271870233,-7.941392270477185
2022-10-02 22:00:00.000000Z,0.0002664256935622,42165579.907113984,0.1537110671656176,98.47863255868872,60.6850619981253,164.1611258948271,-0.0089631817708206,-17.984634153430367,35798250.15784083,33826810.00865068,-25191033.94632464,-79793.46981057376,1836.0963295572385,2465.175460007685,-5.847088833968053
2022-10-03 00:00:00.000000Z,0.0002763613211375,42165183.15553541,0.1538777559415872,98.5734127634401,56.47258545740368,198.34363455268783,-0.0242982512245194,-18.0019593236685,35798106.54024543,41895708.70487773,-4855219.9432065785,-109317.25238250713,353.5797198528576,3053.412204933669,-2.1614909100558104
2022-10-03 02:00:00.000000Z,0.0002881252100318,42165212.5167086,0.153892076538168,98.55362435586204,52.85145715335505,232.05198892223083,-0.0331588133995308,-18.016653620104236,35794544.242488146,38687325.79823196,16787313.16265998,-109462.04028653624,-1224.3109371666417,2819.7536753777567,2.1253682935123503
2022-10-03 04:00:00.000000Z,0.0003024875834259,42165542.99678873,0.1540660501688752,98.44875387480432,50.20797576976209,264.87484556600924,-0.0329905031321318,-18.024277956642106,35788541.56081337,25062911.18889517,33909775.19194273,-80058.87905566738,-2473.029945143872,1826.6927107163049,5.856045419043571
2022-10-03 06:00:00.000000Z,0.0003183921599848,42165902.15615732,0.1544979706296536,98.35876531969802,49.23200592487712,296.02471558742576,-0.0237166345147472,-18.022498252418504,35781871.24313628,4688167.664853685,41898526.72442421,-28931.334679885967,-3056.042446907204,341.0712894742156,8.019396852777886
2022-10-03 08:00:00.000000Z,0.000329938846084,42166075.20101753,0.1550444579259671,98.35978809770587,50.021414730561546,325.3271132697295,-0.0077735845987861,-18.011806560087095,35776495.11583593,-16949522.504356775,38596965.994822845,30193.66094091005,-2815.629461882457,-1237.0958012898752,8.024965150672738
2022-10-03 10:00:00.000000Z,0.0003305811510069,42165928.71458232,0.155472760831924,98.45041927570443,51.9400159932034,353.4165127922237,0.0105421187895462,-17.99531496632383,35773944.311090514,-34017966.188573346,24891149.27815948,81380.5958364957,-1816.0673380798164,-2482.1797456389177,5.864227824940292
2022-10-03 12:00:00.000000Z,0.0003184554537094,42165493.40264592,0.1556498822125097,98.5585244931308,54.064698946650864,21.283436867346182,0.026236354766701,-17.977740136829457,35774843.841695495,-41914679.91107608,4474497.428608069,110788.883685066,-326.8128050662714,-3058.110363889587,2.114283399599789
2022-10-03 14:00:00.000000Z,0.0002990363028727,42165089.65730568,0.1556619078521183,98.59458423603888,55.9990047832392,49.40907972414169,0.0349726449492926,-17.963863295899262,35778746.46648385,-38511282.37752812,-17148520.66358651,110415.69447218154,1250.2967224215151,-2809.583951903085,-2.2179761564304794
2022-10-03 16:00:00.000000Z,0.0002791042117917,42165168.70551461,0.1557872297249541,98.52713633945676,58.4725067721588,77.09196776879145,0.0342512574348573,-17.957049922196134,35784399.67079175,-24727838.482486244,-34149773.94045243,80260.03515925366,2489.9659703659872,-1804.0301677385448,-5.96806659200913
2022-10-03 18:00:00.000000Z,0.0002600895149548,42165774.33065293,0.1562716533399859,98.43255088764327,61.61632882385011,104.1233823631594,0.024101642041426,-17.95853067462681,35790310.68780735,-4281658.465006191,-41950501.52550869,28330.697213507287,3058.4273125352533,-312.9419805657384,-8.12639510360581
2022-10-03 20:00:00.000000Z,0.0002453442094015,42166292.53248304,0.157027167502815,98.4378961947458,63.013096429949805,132.79431669488432,0.0071188034335561,-17.96762160011365,35795182.406959355,17318186.638049055,-38453456.15203448,-31485.02669657531,2803.140309326274,1261.8428384122208,-8.10671915307521
2022-10-03 22:00:00.000000Z,0.0002446074002858,42166147.11096719,0.157653072072979,98.57061750837936,61.01651915627808,164.72572539222486,-0.0121718425960149,-17.982209976462226,35797959.74924915,34255924.37859796,-24603818.2732579,-83115.97388246519,1793.3179772253384,2496.518989616957,-5.903068157367572
2022-10-04 00:00:00.000000Z,0.0002595253892813,42165537.45691855,0.157893815107733,98.71556737287872,57.94090126577049,197.72183745077152,-0.0285015888073752,-17.998903494237197,35797823.93098417,41972957.2470307,-4131568.6601258647,-112607.0705384736,300.8689204785572,3059.08956504335,-2.0969694819470743
2022-10-04 02:00:00.000000Z,0.0002799926256355,42165081.28142707,0.1579077022764521,98.75743237412726,55.59083176770012,230.0977538567797,-0.0373135535749162,-18.01332251759599,35794515.59762489,38391788.343227975,17452526.836736318,-111898.07332875166,-1272.7600390018952,2798.21597136148,2.292699819219412
2022-10-04 04:00:00.000000Z,0.0003003259309908,42165121.36371806,0.1580173966530397,98.69874432265188,53.66561326351213,262.1559339770517,-0.0360579905481399,-18.02117703751557,35788708.892614715,24474142.370744675,34337336.51461674,-81043.92424928423,-2504.152549974905,1783.7407646182169,6.082827003960369
2022-10-04 06:00:00.000000Z,0.0003211442130872,42165584.00836463,0.1583718138933447,98.6300169770956,52.21311125024385,293.7606985222954,-0.0249302397335655,-18.0197738230688,35781987.369024955,3964776.239767864,41973275.28454909,-28244.065201683803,-3061.452577966449,288.28122836839907,8.246833089499253
2022-10-04 08:00:00.000000Z,0.0003397335724985,42166131.48828344,0.1588688473850278,98.63387463958423,51.89562078028015,324.16710097798114,-0.0068427633545786,-18.00914288795388,35776378.94222383,-17612664.823599376,38298775.51794903,32340.91605542635,-2793.867993352197,-1285.511150080896,8.194120706545418
2022-10-04 10:00:00.000000Z,0.0003471556651239,42166330.83542686,0.1592905844069149,98.7244024881677,52.77918110959489,353.29204407474,0.0133533165777479,-17.99225309572034,35773655.693882324,-34442152.0999922,24300301.700290546,84399.08904839335,-1772.9809374109418,-2513.1801187106203,5.931928029036251
2022-10-04 12:00:00.000000Z,0.0003366177367504,42165933.62331939,0.159486492612523,98.84716532372826,53.85188878877084,22.19682749113445,0.0301820010928479,-17.974136585956092,35774654.0276277,-41985484.82611239,3750185.01388165,113873.60476763516,-274.0060317650866,-3063.3234179460405,2.065084134133026
2022-10-04 14:00:00.000000Z,0.0003128515323089,42165190.00953146,0.1594925023215513,98.92262046978396,54.110435928839856,51.95897076061132,0.0390305236068645,-17.96012156515708,35778921.55431648,-38209594.200640045,-17811001.65600734,112765.90681686744,1298.5646249522415,-2787.593418479026,-2.3674984793758944
2022-10-04 16:00:00.000000Z,0.0002866217690786,42164805.757153496,0.1595308551681551,98.90879328494856,54.34227865681806,81.82931125206355,0.03740136245268,-17.953893259082687,35784947.77127819,-24135161.202309847,-34571854.1765942,81296.95238705723,2520.6617606643517,-1760.7924343459651,-6.174490023347217
2022-10-04 18:00:00.000000Z,0.0002606320163421,42165291.73794218,0.1598529316123232,98.85086304096828,56.28946219497815,110.0196695595089,0.0255915071032168,-17.956413629284985,35790914.43150638,-3557916.154601345,-42018678.6503985,27845.745806437943,3063.3074164163554,-260.1455683331743,-8.333083335588553
2022-10-04 20:00:00.000000Z,0.0002361560294183,42166240.84841785,0.1604725208359922,98.85910506817288,58.83775407247966,137.53541867199786,0.0066356008704097,-17.966269834091754,35795448.60305692,17978087.958778724,-38149686.33253354,-33296.69595719952,2780.9424758397845,1309.9879632208745,-8.260934548886981
2022-10-04 22:00:00.000000Z,0.0002261786922873,42166630.5220063,0.1610750683404194,98.9892332352351,58.98451212505557,167.3261108643162,-0.0144564284618186,-17.98083365206418,35797798.23561934,34674514.54344166,-24010002.15176713,-85736.41828769975,1750.0272614904056,2527.089429839243,-5.969475162596631
2022-10-05 00:00:00.000000Z,0.0002400048498239,42166066.00699375,0.1613518694707804,99.16051313976796,57.673940000300085,198.53142208624448,-0.0319929378265746,-17.996952373450263,35797524.09835998,42037625.8144116,-3407506.382398477,-115345.84621715454,248.11099020681144,3063.8611297273087,-2.0634223641241785
2022-10-05 02:00:00.000000Z,0.0002666369073843,42165179.567183785,0.1613608196141181,99.251909364789,57.22306735594616,228.95903935791,-0.0411346631386842,-18.010941488776382,35794422.87249246,38085056.99297577,18111880.866855465,-114063.92243821044,-1320.7865614025627,2775.881233866003,2.414431820607087
2022-10-05 04:00:00.000000Z,0.000292848007899,42164784.93143237,0.1613969627527026,99.23902262267036,56.79324738628964,259.47588935777185,-0.0392561521406798,-18.018925152164822,35788899.77591626,23878609.419101305,34754341.59694995,-82109.6198585707,-2534.4945665725395,1740.3118129076522,6.259755618740187
2022-10-05 06:00:00.000000Z,0.0003179426115328,42165165.87830792,0.1616437745225933,99.1942480433552,55.5474833624838,290.8494557714834,-0.0267148209541091,-18.018029123954136,35782253.74468945,3240930.904461501,42035629.31178773,-27974.781847256047,-3065.9313146209747,235.4714867745995,8.432403233861118
2022-10-05 08:00:00.000000Z,0.0003430792016587,42165994.1752565,0.1620440730501315,99.19894896677792,54.48787367703561,321.9967572092156,-0.0067903706868007,-18.007776091543825,35776456.21793231,-18269788.50950099,37989780.37166207,33830.09128322578,-2771.2837239065766,-1333.4751372616472,8.339872000061435
2022-10-05 10:00:00.000000Z,0.0003590203063106,42166590.9616997,0.1624110937347367,99.2781148767672,54.56021058141944,351.94439687621514,0.0151879048963441,-17.990776170197638,35773464.57423395,-34855503.42128641,23703246.26630448,86676.60723248211,-1729.4108626871637,-2543.386921366872,6.000450804631694
2022-10-05 12:00:00.000000Z,0.0003540546680297,42166398.36490285,0.1625953339157876,99.39488514780896,54.926112100113926,21.56248674160879,0.033284028442581,-17.97215204339543,35774376.234531,-42043602.47491466,3025943.517107737,116310.54628737614,-221.17739257033628,-3067.627610281815,2.0402979754641017
2022-10-05 14:00:00.000000Z,0.0003302982998545,42165481.68825244,0.1625956088488466,99.48511481909388,54.005669894137895,52.48926650884636,0.0425706564325734,-17.957714339679537,35778861.4021226,-37896730.686209805,-18467191.395972066,114710.61549803831,1346.4023995829411,-2764.8217994392235,-2.4756609450875016
2022-10-05 16:00:00.000000Z,0.0003015860909839,42164643.15098542,0.1625700824924613,99.50637652552342,52.11458608006469,84.44728534131833,0.0404675218688762,-17.951644205705854,35785271.91698102,-23535710.47958577,-34983090.43925609,82256.5702246743,2550.591113276468,-1717.0983911375893,-6.332979614957893
2022-10-05 18:00:00.000000Z,0.0002723171821086,42164795.62258451,0.1627347432346591,99.47961973184816,51.88802598779628,114.7794211684569,0.0274365451064586,-17.954957020853744,35791468.53763158,-2833577.3876462914,-42074287.95738304,27619.819401909182,3067.275026725385,-207.33928057303592,-8.495916169857072
2022-10-05 20:00:00.000000Z,0.0002395119650945,42165936.08440595,0.1631634390922416,99.48748387534556,53.84379366949148,142.8871828111112,0.0068625040655925,-17.965703574259223,35795851.83737455,18632205.515951745,-37834971.34476289,-34574.28950804826,2757.926999569537,1357.6807726025072,-8.383745603728574
2022-10-05 22:00:00.000000Z,0.000216627022966,42166905.98423383,0.1636536525885795,99.59479969704928,55.17558436181408,171.51534799378862,-0.0158233596959516,-17.980575068814307,35797803.46093317,35082495.592107736,-23409843.49572208,-87659.35495216415,1706.2472538567215,2556.8643852589003,-6.022671916551037
2022-10-06 00:00:00.000000Z,0.0002223562846721,42166658.35096368,0.1639142984438481,99.75910261162112,55.65755358464424,200.93547656678209,-0.0345481177494191,-17.996312251082564,35797278.140997484,42089799.01054365,-2683409.2951434087,-117368.94045197684,195.33001407402853,3067.717946714062,-2.0383577888107918
2022-10-06 02:00:00.000000Z,0.0002501013845475,42165513.35020848,0.1639167401943872,99.87351227877032,57.55860377975677,228.98864566317096,-0.0442053757227508,-18.009812433522146,35794295.00902889,37767383.08576807,18765005.184254825,-115653.6775050944,-1368.3697211530323,2752.7603901964158,2.50636246126201
2022-10-06 04:00:00.000000Z,0.0002806979836958,42164624.20568996,0.1638921487296355,99.8948352188958,59.34913694584274,257.2509188795962,-0.0420652755520146,-18.017808976885707,35789095.94145213,23276673.95042779,35160561.92055766,-82874.63609654475,-2564.0472646697617,1696.4326946711603,6.391398461295793
2022-10-06 06:00:00.000000Z,0.000309090510931,42164738.21115699,0.1640262573567769,99.8725396952146,59.076059198081246,287.62874965398674,-0.0285701746111925,-18.017482906427716,35782650.62280647,2517002.6921885503,42085578.7597902,-27756.60733548547,-3069.484578009889,182.6742893206452,8.56754747020753
2022-10-06 08:00:00.000000Z,0.0003392122229187,42165694.75807267,0.1643017831508894,99.87675236351124,57.72960302925617,319.0627155781692,-0.0072584358946368,-18.007900769285214,35776750.710099846,-18920610.48583128,37670198.260745846,34923.657081080586,-2747.894586004955,-1380.957567665534,8.44238126863621
2022-10-06 10:00:00.000000Z,0.000363753462725,42166668.468097314,0.1645747852343979,99.93593236726024,57.2168886616742,349.61514246062933,0.0161726640273094,-17.991151701018484,35773444.2709051,-35257903.149620906,23100395.47326499,88306.08798687208,-1685.384948889215,-2572.7771966840974,6.043576142033319
2022-10-06 12:00:00.000000Z,0.0003668833082958,42166799.054366894,0.1647194725599571,100.02841585642408,57.19690808886763,19.643732829518683,0.0354077256720453,-17.972196087984077,35774091.48017705,-42089141.60591674,2302303.1530838693,118000.9609524608,-168.3606036348173,-3071.014652428149,2.01405576948224
2022-10-06 14:00:00.000000Z,0.0003465209104525,42165893.55447192,0.1647162864101027,100.10856458754024,55.70977222785336,51.14788147326233,0.0452329346230373,-17.95716326843395,35778587.607026,-37573030.2378677,-19116573.294024646,115985.81974024297,1393.7825237165966,-2741.281452622105,-2.5615305594623026
2022-10-06 16:00:00.000000Z,0.0003181237949965,42164704.788109146,0.1646632152560692,100.14238841309032,52.36156902718019,84.5507563958224,0.0429548062448189,-17.95079325127338,35785289.76377785,-22929952.77935581,-35383117.00702527,82775.94638384964,2579.747920068906,-1672.9754578916557,-6.451474642402534
2022-10-06 18:00:00.000000Z,0.0002894048176252,42164410.47498747,0.1647131430777797,100.13625661932096,49.97504030188942,117.02189871747125,0.0291243499068681,-17.954442857870028,35791814.68974013,-2109062.0353901926,-42117169.16349258,27277.002676992757,3070.347930387582,-154.55018787111177,-8.610661609165158
2022-10-06 20:00:00.000000Z,0.0002530613936746,42165470.24234736,0.1649488183214896,100.14188796143446,50.30281668928623,146.75913631444655,0.0073823201138753,-17.965938071914476,35796256.91579756,19280292.128779896,-37509313.0901062,-35624.04095724063,2734.1209460369755,1404.9034771381544,-8.460488427659978
2022-10-06 22:00:00.000000Z,0.000218257322655,42166899.21461219,0.1652688552113892,100.2131908654902,51.28347319803952,175.77393865742147,-0.016506693751841,-17.981320174935227,35797940.41696774,35479802.183888175,-22803447.37140675,-89056.74812949685,1662.0000892322416,2585.8321226924904,-6.040599050846793
2022-10-07 00:00:00.000000Z,0.0002107811079912,42167169.08640035,0.1654614756670631,100.33722595993376,52.49602048087462,204.50389283813809,-0.0361635346286141,-17.99692156721322,35797119.2966796,42129546.85635804,-1959449.1982010512,-118673.88737989798,142.54169959069517,3070.6538287304456,-1.996173985400825
2022-10-07 02:00:00.000000Z,0.0002332452795867,42166023.94943452,0.165458616949329,100.43894786713592,56.51089999868811,230.45638438971747,-0.0462755394890742,-18.009957049202267,35794147.22004676,37438926.07749064,19411718.13271338,-116483.74682366278,-1415.5008521571096,2728.8574672963923,2.592200684322156
2022-10-07 04:00:00.000000Z,0.0002650457177027,42164692.550139576,0.1654060254250537,100.4734101733728,61.01872527230906,255.98834604158583,-0.0440374947107341,-18.01783282414112,35789258.59506434,22668521.17798452,35555878.65799116,-83010.0572188927,-2592.8125792735914,1652.1156965174607,6.493460580771655
2022-10-07 06:00:00.000000Z,0.0002953473425764,42164400.48467007,0.1654522184155425,100.4672145514296,62.48783850552491,284.6073588712855,-0.0299527772356812,-18.018033488908934,35783119.442989714,1793126.2120226086,42123099.404448725,-27190.269422469857,-3072.1235883914173,129.90240665840105,8.65557603033431
2022-10-07 08:00:00.000000Z,0.0003284040169931,42165303.94750295,0.1656007258583955,100.4701452941447,61.41758179314105,315.7655375290448,-0.0077388770965053,-18.009321469589114,35777243.29969411,-19565090.787519146,37340085.89999007,35994.95143458069,-2723.7147000629875,-1427.9486223237643,8.491242371481375
2022-10-07 10:00:00.000000Z,0.0003600777653244,42166560.00302462,0.165758694671086,100.50478615502468,60.57921103084245,346.66753773648765,0.0166554115366878,-17.99319517591662,35773648.68649198,-35649413.08994516,22491873.304532137,89543.30426626581,-1640.917508654026,-2601.341706173728,6.039764739766044
2022-10-07 12:00:00.000000Z,0.0003722554821628,42167066.68079516,0.1658435379953637,100.55974612732672,60.4215412882628,16.871361810635975,0.0366564366047218,-17.974218576783695,35773907.89065872,-42122275.07931975,1579450.4783294655,119021.24514945288,-115.57242110409304,-3073.477165925703,1.95919552908292
2022-10-07 14:00:00.000000Z,0.0003576208992492,42166337.39458325,0.165839957366126,100.60920918466404,58.879893977645686,48.46128821883995,0.0468554368458558,-17.95860447165207,35778197.73866048,-37238790.52167022,-19758933.97610089,116473.20161846872,1440.6884232129166,-2716.973411269166,-2.650865796887499
2022-10-07 16:00:00.000000Z,0.0003311760358858,42164960.68842696,0.1657977191590999,100.6342256792078,54.82505824970704,82.58024951874998,0.0444824680549034,-17.951587158197377,35785015.87582311,-22318272.698669568,-35771767.41931429,82575.97915617148,2608.126680900773,-1628.4349448856024,-6.547988385161016
2022-10-07 18:00:00.000000Z,0.0003050548060847,42164221.89487389,0.165795412496424,100.63614747191642,50.78283194718911,116.69922118863477,0.0301525138600916,-17.95505114214078,35791860.932560205,-1384727.744983919,-42147248.48287927,26448.60439338078,3072.539106809531,-101.7906422817151,-8.68383682456106
2022-10-07 20:00:00.000000Z,0.000270323456411,42164973.73020572,0.1392434482450675,101.61695415926728,48.3400008082956,148.2315053061243,0.0180036650990643,-17.96692954401611,35796526.41040435,19922148.2509212,-37172696.80980531,-29232.822076863504,2709.550757103204,1451.6521720486444,-7.1604335173284746
2022-10-07 22:00:00.000000Z,0.0002286523024639,42166622.89399544,0.1393875493955741,101.6547447892072,48.05564364776909,178.54431799520717,0.0044058463036354,-17.982820229198914,35798124.27654589,35866411.73936097,-22190808.152540587,-74550.22866396468,1617.3064678171247,2613.9926542565604,-5.138083520803787
2022-10-08 00:00:00.000000Z,0.0002075722269529,42167459.8273674,0.1394840397061161,101.72782734450932,48.42912908712662,208.1642132827405,-0.0104772173710469,-17.99849503346155,35797038.872318484,42156953.27090165,-1235627.6109972782,-99875.5365258309,89.75492281051788,3072.666483725769,-1.7344075466562252
2022-10-08 02:00:00.000000Z,0.0002196126011116,42166587.36743333,0.1394829018430008,101.79338967847886,53.24233045062159,233.35492888257772,-0.0226387629270512,-18.011151305953184,35793976.13733645,37099794.99693514,20051998.83344505,-98387.78570907757,-1462.181899721174,2704.1699221387544,2.1389726028050315
2022-10-08 04:00:00.000000Z,0.0002480895919706,42164982.811773226,0.1394486414091659,101.81942527056152,60.37804322628161,256.2677019259411,-0.0287686565023697,-18.01876174827937,35789326.587899186,22054207.1138322,35940255.55851437,-70455.32072851137,-2620.8031679752444,1607.3584661425082,5.44208459098766
2022-10-08 06:00:00.000000Z,0.0002782402943456,42164229.43217744,0.1394562111982464,101.81902534088762,64.2401121973295,282.48761994834047,-0.0271677565145055,-18.01930532635536,35783552.57683289,1069240.7535064656,42148122.57662578,-23559.406837927243,-3073.8665160469022,77.14837590100868,7.284636484749596
2022-10-08 08:00:00.000000Z,0.0003120488313573,42164905.90835927,0.1395047700290905,101.82001853019528,64.116775299468,312.6999280691197,-0.0182299860263825,-18.01147405933292,35777843.81321395,-20203407.054685906,36999299.71911362,29695.45244861199,-2698.756520898698,-1474.460709616041,7.167039440924663
2022-10-08 10:00:00.000000Z,0.0003484507925955,42166299.87627607,0.1395509368342991,101.8316090284011,63.29295075153309,343.6095377881273,-0.0043479389668136,-17.996235206587748,35774066.69279638,-36030259.26607252,21877455.82552183,74966.46305025168,-1596.0096532023208,-2629.088540178137,5.117643007690525
2022-10-08 12:00:00.000000Z,0.0003690489066224,42167159.94411558,0.1395701542076304,101.8455939187983,63.20096718435065,13.788306079525055,0.0107325362271266,-17.977603528737014,35773909.31814205,-42143211.82100336,857144.8228878584,100044.52181229724,-62.80870251673679,-3075.011413875992,1.6873771299864653
2022-10-08 14:00:00.000000Z,0.0003614753073416,42166723.15792045,0.1395704220052833,101.85294834143656,61.96297487687692,45.11706357962675,0.0229324371233523,-17.961619278382173,35777827.555562094,-36894198.99507783,-20394454.93799269,98161.17120961635,1487.1212020486043,-2691.88649653676,-2.1984559649070574
2022-10-08 16:00:00.000000Z,0.0003380259523847,42165338.29171867,0.1395705570010065,101.85333554602802,57.84049295145064,79.32907971653356,0.0289528825779954,-17.95382955648674,35784557.45094247,-21700858.190972127,-36149144.96077492,69823.23756706683,2635.7274324187306,-1583.4674003870225,-5.491333467262663
2022-10-08 18:00:00.000000Z,0.000314894829628,42164251.25353978,0.1395784898597662,101.85173122922122,52.73811971735256,114.51233141422249,0.0271704285899017,-17.956686031166107,35791619.40532515,-660740.696163102,-42164573.5495946,22671.418767127838,3073.855645858963,-49.05387722766275,-7.30407269136815
2022-10-08 20:00:00.000000Z,0.0002848511689642,42164585.17347032,0.1395883842978672,101.85183285462838,49.767911093689065,147.55274923053378,0.0180694096271215,-17.96850842129596,35796582.79121695,20557631.14963113,-36825125.32269012,-30590.4009387816,2684.220561996247,1497.9342705278343,-7.149625183287205
2022-10-08 22:00:00.000000Z,0.0002425212009721,42166183.54530273,0.1395896922629502,101.85184527517193,48.10577077471371,179.28077784425622,0.00410415567542,-17.984744550025066,35798271.932821475,36242217.14447594,-21571867.05893103,-75620.78955290727,1572.1708149312403,2641.354341982526,-5.070293487902887
2022-10-09 00:00:00.000000Z,0.0002117594597988,42167476.7668266,0.1395823794518092,101.84508928464098,46.775180362860894,210.6843908629137,-0.0109614255134801,-18.0006157973909,35797018.449070506,42171930.107866496,-511848.66064021736,-100294.63216959708,36.970633537626654,3073.756944874274,-1.6252275747575462
2022-10-09 02:00:00.000000Z,0.0002120474470078,42167071.96232026,0.1395852240428303,101.82778396311257,50.51282371747557,237.03379449162827,-0.023062717448272,-18.013009344772982,35793799.05345757,36749901.78806715,20685920.63825088,-97959.79210814858,-1508.413367963606,2678.69137306664,2.259194872685039
2022-10-09 04:00:00.000000Z,0.0002330410383792,42165438.0238591,0.1396139953180098,101.80932475006614,59.254033660513656,258.3859494926281,-0.0289315045555211,-18.02023519223099,35789277.039918974,21433634.459538717,36313707.15270559,-69231.76846712209,-2648.0212803892987,1562.1514053417825,5.536907666328881
2022-10-09 06:00:00.000000Z,0.0002601471302604,42164274.46977154,0.1396472570355774,101.80167142811445,65.76992808214018,281.95921617817686,-0.0269848951023821,-18.020858027379614,35783861.815741524,345226.7294696169,42160579.75465075,-21840.253284076924,-3074.716703324123,24.39820522767303,7.3234599692710365
2022-10-09 08:00:00.000000Z,0.0002924822266506,42164596.661115214,0.1396451395263367,101.8007483535329,67.28716862123267,310.5321332782908,-0.0177570204811565,-18.013756736636605,35778443.07197578,-20835688.201205548,36647651.38129746,31442.156726970497,-2673.0180468675,-1520.5124038794615,7.135069016639786
2022-10-09 10:00:00.000000Z,0.0003307296998895,42165961.3676046,0.1396016571152487,101.7881130140906,66.94493803816496,340.9833679563044,-0.0037549468242131,-17.99952481422463,35774639.43356801,-36400521.66704496,21256828.809383787,76239.00698764926,-1550.649988606911,-2656.032022537918,5.0205701116293024
2022-10-09 12:00:00.000000Z,0.0003579288709459,42167091.23338772,0.139558787527009,101.7520823414863,67.14845430690164,10.915974801028064,0.0112211982136472,-17.981570073094186,35774134.31138605,-42151935.38123249,135016.46542142052,100453.02484795768,-10.056185044813382,-3075.617514539214,1.549826125355236
2022-10-09 14:00:00.000000Z,0.0003576870237609,42166997.8552322,0.1395659995252322,101.70206752486384,66.4686947328403,41.74391153432647,0.0231124104984329,-17.965542728649623,35777604.92469202,-36539176.24829208,-21023455.03329893,97542.23572003264,1533.0833857588943,-2666.0079751062026,-2.3396544636716823
2022-10-09 16:00:00.000000Z,0.0003380176837777,42165761.206268765,0.1396291680837284,101.6618757549218,62.76674076474247,75.57665431627359,0.0287078283183945,-17.957077166399003,35784069.5480487,-21077662.67831049,-36515464.29355248,68293.44394482984,2662.5394031755964,-1538.05867136425,-5.59699789828498
2022-10-09 18:00:00.000000Z,0.0003174882914592,42164477.61791485,0.1396971862284634,101.64675333271668,57.1762558837183,111.2623530048791,0.0265167462740902,-17.95911648479433,35791191.48010681,62850.630990491714,-42169276.60348599,20606.182534510444,3074.2842051902826,3.668718939649864,-7.343136845568969
2022-10-09 20:00:00.000000Z,0.0002931942784867,42164381.81574555,0.1397016963553831,101.64527181558468,53.014427858165455,145.49640311529723,0.0171656855345188,-17.970509337234862,35796431.35567451,21186677.398296885,-36466667.66763873,-32647.580001161416,2658.1345236000634,1543.758671685734,-7.107599832679656
2022-10-09 22:00:00.000000Z,0.0002551848740786,42165710.56378644,0.1396258433885721,101.62235448307322,50.17423142018463,178.42532708828003,0.0032197188144692,-17.986835969979015,35798329.549893394,36607202.39098223,-20946625.50004825,-77096.6600419449,1526.6009119925077,2667.926684960844,-4.9537570765708105
2022-10-10 00:00:00.000000Z,0.0002205527726808,42167240.72569028,0.1395434541138468,101.55044009857384,47.14869124946887,211.58882919640152,-0.011517040860672,-18.002925883057056,35797025.26082526,42174509.41380354,211940.98921331577,-100739.14998567873,-15.806220857524252,3073.929616318175,-1.4613190525595487
2022-10-10 02:00:00.000000Z,0.0002117181137692,42167360.28197541,0.1395612141866872,101.4477400727286,48.45333141218688,240.45676341488667,-0.0230377652902026,-18.01518623762845,35793623.87458543,36389299.13180832,21313537.484967,-97177.9042619085,-1554.1945761383913,2652.417754999009,2.4281092493365763
2022-10-10 04:00:00.000000Z,0.0002235658705994,42165944.79930793,0.1396874959889715,101.36889755585489,56.942604081429145,262.12168404352667,-0.0282299518938131,-18.02196684330696,35789097.873926446,20806842.827701785,36676238.2323363,-67358.32893015843,-2674.47158084387,1516.4854110354495,5.663638628776227
2022-10-10 06:00:00.000000Z,0.0002445401028907,42164517.20611546,0.1398074144132351,101.34266933831968,65.62980660330687,283.5424440653259,-0.0257230267766375,-18.022363394429515,35783963.36548171,-378930.90156948986,42160393.08069215,-19326.661178734157,-3074.684025402446,-28.362391911877808,7.3696255274079645
2022-10-10 08:00:00.000000Z,0.0002729872259688,42164433.89459052,0.1398158502682047,101.34055938773172,69.2972332338942,309.96596445868914,-0.0162471320360656,-18.01565996914012,35778901.57848613,-21462017.372900847,36284935.71727619,33938.79509556676,-2646.506400919341,-1566.124479473213,7.083558861208532
2022-10-10 10:00:00.000000Z,0.0003101005311928,42165615.17494941,0.1397245355191262,101.31261068032332,69.99016798149408,339.39645321405067,-0.0024185063453323,-18.002322036580313,35775238.43680169,-36760293.58216304,20629633.708146263,78035.46408266855,-1504.833258814317,-2682.191897432337,4.881560937682962
2022-10-10 12:00:00.000000Z,0.00034118121059,42166888.70449345,0.1396392869591395,101.23645860378662,70.76743511775811,8.794572828392008,0.0119791955967879,-17.985224646780313,35774534.185156964,-42148457.2904056,-587391.152568796,101032.85655319174,42.70100240452561,-3075.301057153124,1.358396063140734
2022-10-10 14:00:00.000000Z,0.0003474625533075,42167124.53648603,0.1396603864664216,101.13473740210476,70.82474894992443,38.93684184623884,0.0230262685982468,-17.969497497026047,35777589.02124271,-36173620.71327695,-21646363.409282345,96704.35833817915,1578.588042849049,-2639.325211673626,-2.533026772704908
2022-10-10 16:00:00.000000Z,0.0003321356563723,42166146.208701074,0.1397965231490936,101.05344311433332,67.88491907499954,72.0489659319554,0.0277350301345752,-17.960628932978054,35783688.64292098,-20448534.516654167,-36871026.4680849,66215.05610628951,2688.5628996833248,-1492.188190539934,-5.740137101442789
2022-10-10 18:00:00.000000Z,0.0003138199372371,42164828.12180199,0.1399537493015567,101.02155383081514,62.31712351134959,107.72953264560851,0.0248607875467241,-17.961878126978423,35790716.870269306,786162.6917528228,-42161521.17321846,17803.815116094745,3073.8163885725235,56.39342547084954,-7.396130982607322
2022-10-10 20:00:00.000000Z,0.0002947738163137,42164383.27245622,0.1400088646577988,101.0209123363267,57.320698562738464,142.79797653976848,0.015232792814515,-17.972634557111302,35796144.70433318,21809325.622581974,-36097397.36401606,-35448.297769710414,2631.282786937734,1589.1351246321808,-7.053622845825306
2022-10-10 22:00:00.000000Z,0.0002638494934733,42165324.038481936,0.1399222779647071,100.9919558221246,53.53773932806135,176.67584806273186,0.0015208548305211,-17.9888156714079,35798293.6092856,36961358.61417151,-20315093.00738801,-79148.18001649063,1480.5932754233395,2693.718175289549,-4.803738080136396
2022-10-11 00:00:00.000000Z,0.0002308050429895,42166847.233446576,0.1398079552441986,100.8830249291072,49.2779800154698,211.11041206750937,-0.012495247426349,-18.005078852465896,35797042.18710007,42164674.20957688,935784.4671547032,-101467.28395906358,-68.57479735767296,3073.1897746582576,-1.251511591999476
2022-10-11 02:00:00.000000Z,0.0002173716203331,42167408.82519717,0.1398504834766979,100.71525274605122,47.93175157443387,242.6942973602419,-0.022964085095256,-18.017328320673567,35793475.04687279,36017988.32977867,21934905.93371893,-96336.3784627902,-1599.52123822953,2625.3474117419723,2.6446795260531086
2022-10-11 04:00:00.000000Z,0.0002218775230275,42166389.58279495,0.1400870413080167,100.57839147780578,54.37878926340239,266.45989240498534,-0.0270331968462616,-18.0236881189693,35788828.212712094,20173871.907779653,37027876.0967305,-65106.55383512047,-2700.1484290108874,1470.3548584148384,5.829650547758306
2022-10-11 06:00:00.000000Z,0.0002350709061601,42164898.58237416,0.1403358577010159,100.52937444111384,63.87407073042891,287.0958351177848,-0.0236399173690561,-18.023612341396337,35783845.69466976,-1103162.1280819688,42147545.065524526,-16208.276587081056,-3073.7663830717484,-81.1403962103963,7.438206134260752
2022-10-11 08:00:00.000000Z,0.0002571921686441,42164442.4908745,0.1404124037465406,100.52890726146458,69.67125978236844,311.3879499137236,-0.0137840280172541,-18.016909936852283,35779134.126566835,-22082323.76534405,35911072.21578219,37123.71464627341,-2619.2226339163035,-1611.3078994230546,7.032324462908631
2022-10-11 10:00:00.000000Z,0.0002902432944798,42165328.40450689,0.1403207944991925,100.49772109845112,71.88258234703726,339.302679831205,-0.0002238026301014,-18.00418059976385,35775742.60389001,-37109502.464046605,19995697.585309837,80440.08317296233,-1458.5567240088396,-2707.581921112509,4.720462998773276
2022-10-11 12:00:00.000000Z,0.0003219785007801,42166605.22879848,0.1402188264521426,100.39781385919515,73.547590877211,7.835956889193746,0.0132955178572059,-17.987939041759585,35775018.1815368,-42132660.87544685,-1310334.3093609912,101996.14798137364,95.47189260269012,-3074.069771710882,1.1279757059893898
2022-10-11 14:00:00.000000Z,0.0003330091543061,42167105.16575924,0.1402595666239011,100.25848772100936,74.49499688393635,37.12518020495882,0.0230682935137689,-17.97276977099933,35777770.490733355,-35797349.08809078,-22263448.305360936,95936.9359228728,1623.6427604918915,-2611.8336374036157,-2.7724732888956707
2022-10-11 16:00:00.000000Z,0.0003220412610162,42166436.84468074,0.1404669272660747,100.14408334813342,72.54338096223015,69.28226914602595,0.0264384850164938,-17.96383242286538,35783492.140638955,-19813271.006052498,-37216033.9396974,63884.6606456259,2713.794843232856,-1445.8439529689065,-5.924879110218518
2022-10-11 18:00:00.000000Z,0.0003057719519529,42165224.371454254,0.1407216791244115,100.09773050211984,67.4382375465925,104.51523718207136,0.0225195540059084,-17.964492282907408,35790315.13433683,1509337.673531351,-42141429.07813784,14497.156033969291,3072.4397426051864,109.12923948906209,-7.476205775956379
2022-10-11 20:00:00.000000Z,0.0002908217896823,42164558.32734893,0.1408587335573783,100.1014052582206,61.99413555241557,140.02770387842244,0.0124282833261555,-17.974587386804572,35795817.1885253,22425624.55894589,-35717394.411556885,-38876.74981485082,2603.6536338131145,1634.0667094643404,-7.006333411279686
2022-10-11 22:00:00.000000Z,0.0002677122740543,42165093.41973501,0.1408107588344244,100.08154761523308,57.49940698940396,174.60854394415247,-0.001025623242102,-17.990470576067665,35798194.56734125,37304675.616688296,-19677332.909181826,-81799.71040004077,1434.143671764212,2718.7313612401244,-4.639765564288468
2022-10-12 00:00:00.000000Z,0.0002401274415463,42166415.13444085,0.1407028683063755,99.96642977710454,52.50145125697526,209.7873885552594,-0.014107049678738,-18.006836023000517,35797065.040114984,42142409.90329304,1659644.7779771043,-102634.15233568652,-121.33242953126148,3071.541920075187,-1.0119924857246358
2022-10-12 02:00:00.000000Z,0.0002264626344228,42167246.83912218,0.140772799292139,99.76712915522084,49.11627395342471,243.4416597875598,-0.0231825702182261,-18.01917623443605,35793377.69112913,35635995.31573036,22550018.472502857,-95685.9271746259,-1644.384885365062,2597.4836843481557,2.8989653780029245
2022-10-12 04:00:00.000000Z,0.0002274406019315,42166689.17772575,0.1411068415802829,99.5902604379308,52.71148659927702,270.0994035457808,-0.0257403489561778,-18.025219726015536,35788533.3621972,19534824.56365651,37368633.61495637,-62770.13227858854,-2725.0397641050768,1423.762683956017,6.033217664209239
2022-10-12 06:00:00.000000Z,0.0002339867632431,42165336.03624072,0.1414974389574696,99.52208575245275,61.3206712716444,291.6411968474006,-0.0211063159950936,-18.024548419667703,35783558.485017166,-1827286.3196102248,42122077.67744412,-12758.087893070624,-3071.9556487247564,-133.93072222274856,7.536693967651772
2022-10-12 08:00:00.000000Z,0.0002483072473393,42164611.06053376,0.1416825046331455,99.52787077379637,68.46695734260125,314.5783147111617,-0.0106233366815567,-18.01749449502289,35779124.17755963,-22696400.6981396,35526136.85645355,40808.542985559245,-2591.1677651870477,-1656.059394359303,6.996990356447674
2022-10-12 10:00:00.000000Z,0.0002746342189625,42165147.15006138,0.1416329822208027,99.50678612577316,72.3276515949314,340.8333283592819,0.0027529744553785,-18.005008410382747,35776071.72295621,-37447971.62968128,19355096.97482933,83396.47440746402,-1411.8264286414194,-2732.2055072528697,4.55756441597482
2022-10-12 12:00:00.000000Z,0.000303682489829,42166299.09952761,0.1415380172505955,99.40249893026662,75.11850915323427,8.244435044368092,0.0152949742243128,-17.989467619275754,35775489.19172359,-42104408.815933205,-2033779.876786396,103434.31239602788,148.25238264227377,-3071.931254122553,0.8784363363361772
2022-10-12 14:00:00.000000Z,0.0003169361655994,42166965.59793875,0.1415997090903444,99.24445006701995,77.06837326605327,36.54923929273807,0.0235348423371155,-17.974981382180715,35778091.00225114,-35410243.88115795,-22874725.686119314,95457.50940918455,1668.245511349735,-2583.538471668458,-3.0436124731907293
2022-10-12 16:00:00.000000Z,0.0003096174375741,42166604.71453665,0.1418660361185908,99.1098353407892,76.23605394950256,67.60701153127478,0.02521256696123,-17.966274444831843,35783490.67021122,-19171777.482379377,-37550525.98900266,61591.952840561855,2738.2301371348176,-1399.0277079016455,-6.145981146182855
2022-10-12 18:00:00.000000Z,0.0002952750153322,42165598.35531297,0.1422090115985596,99.05458394086531,71.94913646259106,102.03096426406036,0.0198877018221769,-17.966622919427788,35790053.01587979,2232417.61451483,-42109054.13463614,10976.307416349508,3070.145264480961,161.87305764784568,-7.588436847803288
2022-10-12 20:00:00.000000Z,0.00028318497958,42164848.7831768,0.1424356492724017,99.06581362854924,66.46556931729808,137.57589578720598,0.0090517587468275,-17.976164220790146,35795524.3469361,23035554.75567172,-35326747.71469828,-42712.5469189062,2575.2402377328417,1678.5472064023318,-6.979520161440676
2022-10-12 22:00:00.000000Z,0.0002672193251835,42165034.16894698,0.1424522640100878,99.0656271944908,61.50782414495665,172.60043804703415,-0.0042830104466393,-17.991690828043936,35798070.59857362,37637110.54641011,-19033475.260708906,-84950.6045472942,1387.252768113169,2742.9622252330923,-4.480551455125936
2022-10-13 00:00:00.000000Z,0.0002471184354495,42166040.32199836,0.142374100024222,98.96943382269475,56.17303043409998,208.0971618628821,-0.0164036693484171,-18.00809008689977,35797094.76272736,42107704.34501602,2383387.3191064657,-104277.38083533388,-174.07172440847495,3068.9889956409497,-0.7617103568964843
2022-10-13 02:00:00.000000Z,0.0002364629360011,42166947.03060186,0.142464256350362,98.77264864333463,51.6141363201183,242.922471327686,-0.0239139197294941,-18.02059280990807,35793346.88516844,35243378.55616952,23158782.81902095,-95388.949130227,-1688.7734802190955,2568.8347925691046,3.1758099679855967
2022-10-13 04:00:00.000000Z,0.0002375320730481,42166809.83588751,0.1428625132058043,98.58067653090148,52.56433672381553,272.2404926750997,-0.0246895046660289,-18.026474305881692,35788278.899979785,18889858.38245953,37698490.787944205,-60598.00332127664,-2749.130738357095,1376.7208719919506,6.265855181316343
2022-10-13 06:00:00.000000Z,0.0002407815763937,42165748.403388456,0.14337663927371,98.5020911257562,59.14032829794748,295.82647142622545,-0.0185024130745717,-18.025222066599028,35783186.41635203,-2551049.203163524,42084073.64213476,-9256.193238797114,-3069.2414513583903,-186.71694812170665,7.665143372409725
2022-10-13 08:00:00.000000Z,0.0002478951303223,42164900.82633219,0.1436866296361423,98.5187873212436,66.3879774561774,318.6518989887698,-0.0070998236390466,-18.01758502728625,35778915.921833426,-23303962.51301898,35130335.03919875,44746.53173944791,-2562.3442495401214,-1700.3627784673276,6.986647960413048
2022-10-13 10:00:00.000000Z,0.0002657752937509,42165093.66596839,0.1437085830831867,98.5195769080489,71.473399286784,343.66041552509296,0.006303605081058,-18.004994471292328,35776202.60556463,-37775479.897787206,18708124.98091857,86751.07903756335,-1364.6567212542254,-2756.0557784801795,4.40915396065661
2022-10-13 12:00:00.000000Z,0.0002890946318582,42166020.64406376,0.1436374623148456,98.42957992008353,75.37423627572494,9.946791902644682,0.0179482725916326,-17.98991380482202,35775876.80329115,-42063598.96191935,-2757431.494465869,105325.57032423413,201.0253922463046,-3068.8912076121837,0.6293115147733999
2022-10-13 14:00:00.000000Z,0.0003016792611008,42166743.29503083,0.1437154733441768,98.27209001417724,78.33010873999751,37.24434443545943,0.0245831661688704,-17.97611129912936,35778478.32592961,-35012312.240382,-23479972.515564837,95381.64233410494,1712.3835830183157,-2554.4532071718995,-3.3286526216821826
2022-10-13 16:00:00.000000Z,0.0002966450204567,42166648.69652931,0.1440209944621737,98.1309913355106,78.66329058308247,67.14265625420197,0.0243607985626936,-17.96784755331113,35783649.762721546,-18524133.86477481,-37874386.85764899,59560.19765389391,2761.861006043436,-1351.7551636294977,-6.391972710538852
2022-10-13 18:00:00.000000Z,0.0002838834789077,42165903.61144873,0.1444307291271867,98.07307300124948,75.44733036144292,100.49835757397472,0.0173377373685022,-17.968157855632032,35789944.38682392,2955279.769524681,-42064395.30866491,7515.40527419928,3066.928902986543,214.60870752732723,-7.730462177353453
2022-10-13 20:00:00.000000Z,0.0002735442849723,42165192.21097662,0.1447371322294957,98.09364953334092,70.32198758871812,135.6761023646432,0.0054517938121532,-17.9773155402226,35795305.1438116,23638982.7210577,-34925571.39621211,-46699.06597055691,2546.044166129429,1722.5612750390192,-6.980257909145691
2022-10-13 22:00:00.000000Z,0.0002632523995615,42165125.44865558,0.1448233821269612,98.11778818484488,65.17985655049321,170.86105390566328,-0.0080097014109896,-17.992493874683152,35797947.54230213,37958568.04878047,-18383726.508788828,-88422.96317450608,1339.9295748345126,2766.401561031471,-4.3403368184457225
2022-10-14 00:00:00.000000Z,0.0002510890458309,42165779.00478764,0.1447828281028211,98.05567144169264,59.8103456207426,206.35844318165175,-0.0193021909728508,-18.00886775562476,35797128.12248032,42060546.96321759,3106778.0362634524,-106335.95673188425,-226.77882732682824,3065.5329977706338,-0.518144769566629
2022-10-14 02:00:00.000000Z,0.000243787556364,42166270.07383964,0.1448793313180909,97.8868783805686,59.17974185000958,237.22691732958407,-0.0252443229569133,-18.02192267512038,35793695.79623233,34840639.77780193,23760980.172327984,-95510.04063636728,-1732.6092013585014,2539.413982712865,3.458574117970458
2022-10-14 04:00:00.000000Z,0.0002469361449123,42166440.97197663,0.1452985466989459,97.70286203359522,58.1330074839324,268.5332267761829,-0.0241092102410092,-18.028495043908634,35788567.93524545,18240066.631319694,38017463.37188178,-58760.7882722526,-2772.3395433263354,1329.2848300687424,6.51522361006005
2022-10-14 06:00:00.000000Z,0.0002518776432427,42165753.22961853,0.1458952982808594,97.62348269166002,62.31977583410268,294.50893402065066,-0.0161450955356202,-18.027532189179997,35783208.21448451,-3272876.493588272,42034120.35877956,-5939.149105242404,-3065.5804247110827,-239.3990499182664,7.817942482140628
2022-10-14 08:00:00.000000Z,0.0002564749556917,42164939.1742221,0.1463220220838431,97.65381750007052,68.53605341289432,318.3522546618587,-0.0035460522750908,-18.01973590035694,35778720.05935892,-23903382.47256242,34725013.07144224,48689.576824487296,-2532.783159480227,-1744.117918404138,7.003847210135569
2022-10-14 10:00:00.000000Z,0.0002675993043582,42164847.40327762,0.1464289960318408,97.684145277068,73.82204267993104,343.13099097289694,0.0101587588223852,-18.006820154602803,35775912.37791823,-38090851.06013438,18056654.99866201,90303.23027556553,-1317.1327504015846,-2779.094961558112,4.285617964279643
2022-10-14 12:00:00.000000Z,0.0002844349630703,42165486.44114804,0.1463903243532298,97.62314626184376,78.18268212067322,8.928890579323234,0.0211152261849223,-17.991415245268318,35775501.361830205,-42009655.07568172,-3479444.930152532,107565.31062805482,253.7224624910735,-3064.992377937735,0.3963110572600701
2022-10-14 14:00:00.000000Z,0.0002946849967491,42166157.79347284,0.1464753123312013,97.48248057162176,81.77490160248001,35.57372100348655,0.0262363051848982,-17.977162891999527,35777912.86864947,-34603220.075774856,-24077801.75297778,95725.03756551132,1756.0629021381094,-2524.6489349258813,-3.610627244418912
2022-10-14 16:00:00.000000Z,0.0002905080136019,42166261.32055868,0.1467959977636554,97.34681058111887,83.22539740424236,64.35010666497091,0.0240615956819633,-17.968082611770267,35782818.92151536,-17869708.61757899,-38186599.262721725,57918.649194378784,2784.755525713169,-1304.0465168572505,-6.648950471765954
2022-10-14 18:00:00.000000Z,0.0002780315343488,42165793.98960147,0.14724485909952,97.29122227469374,81.41757004842293,96.29659023398904,0.0151559558700872,-17.967148529522085,35788939.538714394,3679054.609902349,-42006271.938752666,4322.13623073716,3062.846697035431,267.4009649165618,-7.89481661514188
2022-10-14 20:00:00.000000Z,0.0002670839434202,42165215.85815165,0.1476107169030678,97.32088090100874,77.2204130997571,130.53846235900687,0.00194914273866,-17.974911830852236,35794396.72563421,24237171.52302172,-34512020.466895744,-50603.298974760415,2516.038582332468,1766.216343371299,-7.0090526581056345
2022-10-14 22:00:00.000000Z,0.0002591523874867,42165006.57543048,0.1477581367758999,97.36868253961728,72.35667223272013,165.4223891232842,-0.01192923320449,-17.989061978649435,35797444.78742687,38269775.11472161,-17725561.907251514,-92015.05734451344,1292.0573399518569,2789.117482447388,-4.227031065166728
2022-10-15 00:00:00.000000Z,0.0002526042782045,42165328.74313506,0.1477525253872138,97.34577028995145,67.31134999694353,200.556616688816,-0.0226333782070601,-18.00520380386597,35797164.35279044,42000667.9723995,3832508.497135662,-108684.9097285414,-279.60054814085834,3061.148106437242,-0.2941949031114579
2022-10-15 02:00:00.000000Z,0.0002512805669961,42165928.28979167,0.1478404515532473,97.21868047332302,62.51964605590806,235.54428474158252,-0.0271441815874392,-18.018461049444035,35793784.07825611,34425361.42078725,24358903.87234884,-96021.9389969258,-1776.179930744407,2509.1083481347705,3.733229616447805
2022-10-15 04:00:00.000000Z,0.0002577351605097,42166262.65978517,0.1482385164361969,97.05889377452968,60.29776544594711,268.0013676084557,-0.0241072570240606,-18.025176560292103,35788501.88495399,17581169.846979063,38326552.34751456,-57328.00891652525,-2794.880724662483,1281.2075192976968,6.768907303931203
2022-10-15 06:00:00.000000Z,0.0002649649586687,42165957.71699544,0.1488660915463758,96.98622737686264,62.35122012385615,296.10395049379247,-0.0142493033827795,-18.02393953512117,35782902.41870049,-3998034.553548405,41971049.01883413,-2953.175399253825,-3061.017158773171,-292.31750221548543,7.986493106051642
2022-10-15 08:00:00.000000Z,0.000268078913669,42165316.83030479,0.1493820632825061,97.02987497065703,67.09284449848712,321.40924563717203,-0.0002340665218011,-18.015510037876396,35778343.493631944,-24499468.295798726,34306590.47478536,52448.34087606011,-2502.3144371897906,-1787.627843517751,7.045438293201635
2022-10-15 10:00:00.000000Z,0.0002723321121761,42165037.05609036,0.1495727621881367,97.09195228121048,72.10824068196082,346.4273569679961,0.0140518389932023,-18.00206303414437,35775737.67249187,-38397092.15719805,17395506.697528537,93863.7517067413,-1268.9476600504136,-2801.44623920424,4.190213342425124
2022-10-15 12:00:00.000000Z,0.0002805393478037,42165364.33795163,0.1495682553235315,97.0688605929212,76.73887043368822,11.917386145065969,0.0245978364222369,-17.98663029477647,35775653.115453035,-41943381.76158937,-4205073.708547062,110010.33372422175,306.6185111947326,-3060.1377612758997,0.1887345177301284
2022-10-15 14:00:00.000000Z,0.0002853296414543,42165889.40987114,0.1496489260025776,96.95656794927072,80.81051481396972,38.053947879939415,0.0284129907341997,-17.972847916241538,35778277.39188195,-34182363.69585703,-24672251.373213213,96427.58426518216,1799.385412413268,-2493.911711026111,-3.876237705303852
2022-10-15 16:00:00.000000Z,0.0002799485904718,42166108.081477545,0.1499603932918627,96.83514743563808,83.12648948318943,65.94999263263396,0.0243702150309751,-17.96438012392235,35783157.66103124,-17207855.109226897,-38489755.441796005,56707.49102655071,2806.835637622104,-1255.740675752785,-6.902986581650909
2022-10-15 18:00:00.000000Z,0.0002677371448056,42165904.267647415,0.1504193458416107,96.78508653853204,82.52961982279932,96.67963074479384,0.013519437244958,-17.963807154769643,35789077.441031754,4403531.281483308,-41936653.2228638,1527.7698895971307,3057.765385537517,320.2563012179439,-8.07071994315499
2022-10-15 20:00:00.000000Z,0.0002568405338979,42165525.59317626,0.150819838494425,96.82182183813764,79.31241775273547,129.93450612031106,-0.0012030338226118,-17.97153653926054,35794338.74141389,24829206.96880317,-34088491.457008705,-54236.9351098549,2485.179738473437,1809.4050638190388,-7.061196161951324
2022-10-15 22:00:00.000000Z,0.0002511995102269,42165278.52189431,0.1510129644384898,96.88885619060436,74.81745131251685,164.4306726686435,-0.0157764565815095,-17.985439943760394,35797344.574173376,38569996.24157818,-17062166.033589594,-95530.32978950057,1243.724961696441,2811.021754835423,-4.143052649902882
2022-10-16 00:00:00.000000Z,0.0002507053803598,42165326.98180897,0.1510345399417213,96.90253480344582,70.07129116625586,199.22927762208965,-0.0261841860885246,-18.001450797024695,35797170.993786834,41928230.84218723,4557159.659006853,-111167.80849998652,-332.39620305451683,3055.8654529328182,-0.0982437693980476
2022-10-16 02:00:00.000000Z,0.0002556272818245,42165646.85112959,0.1511023293264449,96.82067792124016,65.73506011005719,233.71609337797724,-0.0294989153540214,-18.014853759267503,35793886.752244085,33999770.09535126,24949666.15680025,-96845.2915384274,-1819.2194164149385,2478.0576023937238,3.9876228854273847
2022-10-16 04:00:00.000000Z,0.0002660708033667,42165999.56123403,0.1514465259569669,96.6934829532669,63.05958501298394,266.5939551445924,-0.0246872345190772,-18.021793062842335,35788526.138748646,16917028.979145367,38624324.4539547,-56310.89755980033,-2816.5774487824297,1232.7486389054038,7.0143651511371
2022-10-16 06:00:00.000000Z,0.0002770430485904,42166028.436222896,0.152053437345368,96.63193246605708,63.44129145898761,296.35724990286286,-0.0129305186366115,-18.020477226193258,35782702.50628395,-4721907.893022821,41895584.17635537,-393.4093855281421,-3055.5281746717915,-345.14612258777987,8.16040596166279
2022-10-16 08:00:00.000000Z,0.0002818798757753,42165666.25566445,0.1526190715335407,96.68565947802244,66.53985924064355,323.29601791499266,0.0026364426906158,-18.01155292420494,35777998.92596103,-25088092.38606412,33878079.86769428,55866.901939698495,-2471.09596574588,-1830.6030803219196,7.105223798909041
2022-10-16 10:00:00.000000Z,0.0002819669644416,42165317.24761013,0.1528804419245264,96.77643230866224,70.7131562997342,349.12810056582225,0.0177443584977002,-17.997538423576422,35775504.29965087,-38691737.19830001,16729300.323533004,97251.78610558696,-1220.3893088872296,-2822.967802136497,4.122379345010604
2022-10-16 12:00:00.000000Z,0.0002819432889951,42165346.38853519,0.1529068905116208,96.79399104814118,75.01093385801897,14.91050895680123,0.0281747426175804,-17.981927602083445,35775721.225380585,-41864499.36935973,-4929381.283181956,112496.97148378997,359.41686349303825,-3054.3809524918565,0.0118484788895915
2022-10-16 14:00:00.000000Z,0.0002798490819982,42165648.48551672,0.1529726199187646,96.71658402133212,79.05095907617729,41.04344775939383,0.0309621604637143,-17.968500875888875,35778610.35459228,-33751256.19607218,-25259346.173575573,97381.026840472,1842.165002546564,-2462.4390962282964,-4.1156754578638175
2022-10-16 16:00:00.000000Z,0.0002714619178025,42165891.88956936,0.1532532293869708,96.61503584549092,81.86735976586036,68.41856344597491,0.025241933194895,-17.960663651682623,35783541.942109674,-16540868.135809684,-38781486.91784619,55898.32887126056,2828.0694007694474,-1207.066791564737,-7.14217098800388
2022-10-16 18:00:00.000000Z,0.0002583077625078,42165914.77817458,0.153694777387196,96.57217316195222,82.36329960471718,98.04770233704058,0.0124990311571488,-17.960582927089217,35789299.84334548,5126626.374616313,-41854634.5248488,-811.3919167324648,3051.7631534246552,373.00760351659727,-8.247038340782632
2022-10-16 20:00:00.000000Z,0.0002464754240391,42165775.4626029,0.1541040543609898,96.6129174004678,80.2935832124365,130.15097849306505,-0.0038379477481303,-17.968417821400962,35794338.3021486,25413727.84712483,-33654967.04357297,-57474.4339014322,2453.578136412952,1852.046057750567,-7.128964795213961
2022-10-16 22:00:00.000000Z,0.000241499516819,42165583.66668284,0.1543245813393023,96.69255251673964,76.4361313222715,163.99723544995413,-0.0193313608266865,-17.982115696104945,35797234.84389256,38858625.04084201,-16393885.669878222,-98805.58701280104,1195.0281744597814,2832.0877122866605,-4.085848539677542
2022-10-17 00:00:00.000000Z,0.0002454248896162,42165434.91124631,0.1543643767870123,96.73543954358944,72.16636179083056,198.29045111596972,-0.0297353593186954,-17.99791613976701,35797123.287615664,41843258.139995866,5280285.767787767,-113623.42965117792,-385.08400889327686,3049.6814247160723,0.0666654376533955
2022-10-17 02:00:00.000000Z,0.0002562308289452,42165452.507126965,0.1544061831907397,96.69508375097176,68.5474133000797,232.01844288428828,-0.0321408051129515,-18.011358581307547,35793962.714127444,33564070.26830421,25532912.1865887,-97857.18442150755,-1861.7073280654213,2446.281895301444,4.214317749336126
2022-10-17 04:00:00.000000Z,0.000270912182022,42165697.99380252,0.1546767766565634,96.60244431923869,66.00270944149607,264.73074553385175,-0.0257679237237195,-18.01853007845457,35788606.993507765,16247949.992335092,38910606.81524736,-55650.39118572913,-2837.4219175518915,1183.9372840332394,7.241678661513225
2022-10-17 06:00:00.000000Z,0.0002860964536477,42165969.62340521,0.1552196462687894,96.5537648811592,65.24838636629994,295.61711600747867,-0.0122080177137492,-18.017297688964675,35782614.0875198,-5444176.068117058,41807772.91539087,1725.2855263772644,-3049.116962255041,-397.8538744458845,8.329402674636686
2022-10-17 08:00:00.000000Z,0.0002950599046646,42165948.65907583,0.1557898813445619,96.61242317492868,66.79598486339151,324.1022330059598,0.0049514620336878,-18.008063283794918,35777731.99564374,-25668998.47223342,33439741.978542853,58860.89877621297,-2439.1422087932483,-1873.0163533821008,7.174491209089618
2022-10-17 10:00:00.000000Z,0.0002942557365112,42165659.31683671,0.1560995821701711,96.72427771959718,69.85129427451676,351.0317364503777,0.0210520170791558,-17.99353415882147,35775266.427410066,-38974674.879586935,16058457.954216924,100331.62208919707,-1171.483158269455,-2843.643485030241,4.076855916630755
2022-10-17 12:00:00.000000Z,0.0002875968811144,42165438.53645129,0.1561507674575016,96.77946130799349,73.35753575235316,17.568314260380248,0.0316327463617217,-17.977664507393982,35775740.190987155,-41773104.90586228,-5651891.1336056,114868.71836208516,412.0865935976951,-3047.723782945759,-0.1347073154444234
2022-10-17 14:00:00.000000Z,0.0002781831575344,42165461.93526792,0.1561938363992413,96.73875331070508,76.81402238265125,44.24782633841357,0.0336922316313648,-17.96450317688639,35778921.02158509,-33310205.94152328,-25838692.48022827,98445.20808472089,1884.3756900493277,-2430.2517400843417,-4.32410653367256
2022-10-17 16:00:00.000000Z,0.000265471226142,42165638.67911191,0.1564267767207721,96.66000419440256,79.62549952570346,71.60442646156228,0.0265535868155354,-17.957305765140838,35783966.5280571,-15869196.59374983,-39061598.83639151,55401.60715892434,2848.4448892206533,-1158.0579371922686,-7.357572470493628
2022-10-17 18:00:00.000000Z,0.0002501509688628,42165832.62083756,0.156826937790192,96.62500613113674,80.92983915945618,100.41669407554,0.0120703162211203,-17.957832561566896,35789600.176240906,5847868.123720514,-41760274.05963583,-2712.265813462533,3044.8456991142803,425.6193724380661,-8.41296287313436
2022-10-17 20:00:00.000000Z,0.0002363122514853,42165949.43244224,0.1572199848786079,96.6663494086204,80.04157391375419,131.337681133169,-0.0058757676359116,-17.965907258156232,35794392.50144257,25990362.65514575,-33211739.833479583,-60256.27267200648,2421.2551915835843,1894.1111964381903,-7.202397017806956
2022-10-17 22:00:00.000000Z,0.0002304269033226,42165891.840295605,0.1574487253874711,96.75099758933833,77.03742232833521,164.32578551763092,-0.0224305742981331,-17.979444557012226,35797109.525489725,39135482.91857772,-15721165.63507143,-101720.27566103496,1145.9977662782292,2852.302197214263,-4.048783314711943
2022-10-18 00:00:00.000000Z,0.0002369598577532,42165630.96437438,0.1574981567059437,96.81315677812545,73.41144608465717,197.9562336846413,-0.033081006569738,-17.994946372024184,35796998.64218953,41745798.22071968,6001413.487090589,-115900.42843806284,-437.63346738923633,3042.601389605699,0.2022980273840188
2022-10-18 02:00:00.000000Z,0.0002528050969099,42165358.354953445,0.1575139363139084,96.80615640619152,70.71590004128228,230.7275797895989,-0.0348712131659375,-18.008275719983754,35793967.374005266,33118498.324822485,26108268.264767826,-98912.02823044069,-1903.623285475168,2413.8025580201893,4.410029834263786
2022-10-18 04:00:00.000000Z,0.0002716963314796,42165399.01435665,0.1577044846792785,96.74553546088744,68.7810751192306,262.79782531185793,-0.0272031489056248,-18.01560669117479,35788695.227388754,15574263.420090277,39185214.1398074,-55239.71745637184,-2857.408495270214,1134.8029640440973,7.443597916663622
2022-10-18 06:00:00.000000Z,0.0002909666496817,42165797.1690723,0.1581527247946775,96.70965314434862,67.43795826861748,294.2600128455463,-0.0120190907149215,-18.014554536506346,35782616.204211585,-6164515.812795101,41707647.3032258,3448.307206967632,-3041.790543004232,-450.4109640506101,8.483987305388782
2022-10-18 08:00:00.000000Z,0.000305480172409,42166132.16845875,0.1586826730500286,96.76739096180272,67.65756164826225,324.07416805363323,0.0066767182136206,-18.005198393139487,35777563.14141875,-26241949.584410995,32991807.55687589,61404.62602160087,-2406.469783886345,-1914.843087404988,7.243311416708699
2022-10-18 10:00:00.000000Z,0.0003070922410204,42166029.67355351,0.1590112752058401,96.88930553741028,69.52918885824434,352.17769535224846,0.0238488917675253,-17.990267872021896,35775064.23308305,-39245818.32562457,15383351.60718656,103010.51895865097,-1122.253912225707,-2863.4596587271226,4.045320246803741
2022-10-18 12:00:00.000000Z,0.0002962985579776,42165640.21531781,0.1590787150041573,96.9737402600372,71.99520494710606,19.7255257624176,0.0347804161238107,-17.974119298071972,35775742.30532481,-41669305.90153772,-6372189.576277496,116985.09900224351,464.5995675809988,-3040.1689228522423,-0.2555505456114336
2022-10-18 14:00:00.000000Z,0.0002801081625518,42165354.10416683,0.1590957034949047,96.96712246301396,74.3933187322708,47.42911514780244,0.036390353878073,-17.96116242255125,35779225.2505402,-32859510.27831657,-26409958.014291763,99464.31745490622,1925.994381632791,-2397.369120781549,-4.501036543713276
2022-10-18 16:00:00.000000Z,0.0002624428966849,42165374.49038077,0.159270547240012,96.91178191330904,76.60351114754036,75.3629367072694,0.0281227540943318,-17.954619431290425,35784438.45006806,-15193261.570454502,-39329944.530056044,55084.15265246554,2867.951814660952,-1108.744887872056,-7.543499928838603
2022-10-18 18:00:00.000000Z,0.000243959510454,42165668.75135493,0.1596100843870865,96.88472792759912,78.25407144174557,103.82031421004692,0.0121270377857968,-17.955872176871022,35789986.65346512,6566819.49705106,-41653661.49556342,-4252.001360532551,3037.019089743904,478.0583050186516,-8.558945427746332
2022-10-18 20:00:00.000000Z,0.0002269995111098,42166036.90060861,0.1599637011539799,96.92339405222344,78.39923033468227,133.71016648102147,-0.0073195665528361,-17.96433555232825,35794512.89155437,26558774.463462148,-32759120.578748047,-62583.96168947353,2388.2320917281845,1935.5738332503915,-7.270488316200343
2022-10-18 22:00:00.000000Z,0.0002186393346574,42166177.16339173,0.1601813283478504,97.00523927300208,76.36467858509347,165.73156867566868,-0.0249731490816397,-17.977778446683775,35796974.833484136,39400423.94793638,-15044460.54017593,-104199.8229520564,1096.664291361769,2871.652953280092,-4.022185342538284
2022-10-19 00:00:00.000000Z,0.0002258375168686,42165892.78828417,0.1602325382392867,97.0754704398304,73.53922787943007,198.5537998066691,-0.0360416062859574,-17.992899172071606,35796783.283011,41635930.794766106,6720065.059834771,-117866.92296588344,-490.0142935387388,3034.631348567072,0.3145805020856358
2022-10-19 02:00:00.000000Z,0.000245426075742,42165369.5083365,0.1602272792805515,97.09112071845917,71.97106589845276,230.1754120287964,-0.0374764685255078,-18.00592678190751,35793858.59364104,32663319.11805289,26675359.88706156,-99853.23467416895,-1944.9476463554215,2380.641264237136,4.575596213074097
2022-10-19 04:00:00.000000Z,0.0002682058670799,42165138.32894319,0.160343343324795,97.0570309527034,71.07657639797951,261.17878627162554,-0.0287960872384136,-18.013262110276774,35788732.617392555,14896318.740227047,39447960.18835597,-54934.90065698159,-2876.5335133655385,1085.3746907195905,7.615898407037686
2022-10-19 06:00:00.000000Z,0.0002911405104455,42165536.57424028,0.1606810873325213,97.03272610410228,69.70201656166368,292.6606510448843,-0.0122286639217195,-18.012398758599222,35782666.89132669,-6882603.058375599,41595229.72726039,4874.244937919826,-3033.5587901360127,-502.7896155203747,8.616010096287432
2022-10-19 08:00:00.000000Z,0.0003117210163814,42166193.88218506,0.161131230239779,97.0840113581988,68.9025486194488,323.50029742040726,0.0078546260611752,-18.00307614213493,35777489.426736146,-26806725.078365445,32534478.542991403,63528.77541604498,-2373.096910654967,-1956.06185571659,7.301269876959472
2022-10-19 10:00:00.000000Z,0.0003186823922698,42166387.77127558,0.1614444612352714,97.20270877978848,69.66732193813134,352.71415294038144,0.026071953278357,-17.98788873360784,35774921.52008014,-39505097.87483516,14704302.371957077,105242.0008827005,-1072.7248485732414,-2882.4054184421448,4.01713522164837
2022-10-19 12:00:00.000000Z,0.0003069295422678,42165943.14365209,0.1615177116598401,97.3030212949143,71.03851744849719,21.341178762844063,0.0374592511203579,-17.971487014570606,35775751.08542112,-41553208.19630016,-7089927.486881887,118729.8418343351,516.9313282505658,-3031.719932832335,-0.3590166318477024
2022-10-19 14:00:00.000000Z,0.0002854306003021,42165348.42886823,0.1615105647866651,97.32331924370706,72.06755194693298,50.386764773592624,0.0388370510490513,-17.95869620917431,35779535.681777254,-32399435.813916508,-26972872.825478792,100277.6052557157,1967.0020797819373,-2363.8092128259027,-4.650184268784887
2022-10-19 16:00:00.000000Z,0.0002630278822666,42165128.09627863,0.1616249275897979,97.28972240219753,73.07617912775528,79.49973421600106,0.029721567959014,-17.952826489550098,35784967.129199825,-14513428.18538102,-39586421.29400242,54779.26014578793,2886.582546521658,-1059.1550237710371,-7.697821604900656
2022-10-19 18:00:00.000000Z,0.0002409218879919,42165437.16092741,0.1618907281513302,97.27030592064456,74.44417651048585,108.2311835064364,0.0124900625506166,-17.95493330297088,35790476.08391786,7283110.411357789,-41534903.40835863,-5561.4732864615535,3028.289715161894,530.2949264352933,-8.677360694684152
2022-10-19 20:00:00.000000Z,0.0002198472924607,42166030.29830851,0.1621843570242036,97.30340661531014,75.23424969036964,137.48112059896715,-0.0082537383004445,-17.963963778018762,35794724.9292298,27118688.46021074,-32297412.53984036,-64518.94253911828,2354.528506105315,1976.4100859654109,-7.321991758065535
2022-10-19 22:00:00.000000Z,0.0002074623757688,42166414.80063996,0.1623719553023694,97.3748448581944,74.09677748079325,168.6158363594664,-0.0269266309078938,-17.977420828419064,35796853.57013558,39653350.43713753,-14364203.61820458,-106220.13947825732,1047.056150020084,2890.1288067328524,-3.9940655957581694
2022-10-20 00:00:00.000000Z,0.0002132289527845,42166196.42641392,0.1624176185230577,97.44138435751792,72.17874793898913,200.53477208127327,-0.0384757003946763,-17.992106930787443,35796478.95776031,41513769.28767566,7435787.045052363,-119419.10906985292,-542.1980223632011,3025.777111828555,0.4131834146918081
2022-10-20 02:00:00.000000Z,0.0002347470038186,42165485.67290834,0.1624002262996585,97.46738817531649,71.96159698077118,230.79552545856788,-0.0397414665368086,-18.004627954373625,35793603.85274435,32198819.473949257,27233832.731613614,-100523.21184820074,-1985.6622969900409,2346.818771427672,4.71598912947653
2022-10-20 04:00:00.000000Z,0.0002606226738374,42164948.29855191,0.1624578803507196,97.4522475814556,72.54204213369862,260.30524054551216,-0.0303106878807685,-18.011738231777862,35788659.08448507,14214475.789446158,39698669.907469735,-54563.13946976696,-2894.795111856645,1035.6798330693252,7.757789113099679
2022-10-20 06:00:00.000000Z,0.0002865802851071,42165220.834300056,0.1626852014609793,97.43752632954858,71.73524989873343,291.20965854590213,-0.0126356293660552,-18.010970848959175,35782709.15645489,-7598117.945289252,41470537.90831287,6150.240246379983,-3024.4336397392776,-554.9648243829204,8.719301517950237
2022-10-20 08:00:00.000000Z,0.0003129412836825,42166118.52536922,0.1630261787330185,97.4779315125479,70.3272765486511,322.668565830862,0.0086044613915794,-18.001773469106983,35777487.710596874,-27363120.412167028,32067928.98261356,65320.5590807681,-2339.042605984347,-1996.654690694696,7.338167857406849
2022-10-20 10:00:00.000000Z,0.0003275355125408,42166686.44918924,0.1632885509198735,97.579384332911,70.16342703153796,352.8283968410994,0.0277282707538574,-17.986478227140466,35774846.34476796,-39752456.82575893,14021580.691754855,107031.13544955214,-1022.9174811592864,-2900.4724453760687,3.9800758014129993
2022-10-20 12:00:00.000000Z,0.0003184205623737,42166326.040343165,0.1633553583755974,97.67768143758644,70.55252240161742,22.439734079089707,0.039556852088871,-17.969880164677868,35775778.44586411,-41424907.93432759,-7804818.016034551,120020.5360999882,569.061613710433,-3022.380868698785,-0.4566590081752099
2022-10-20 14:00:00.000000Z,0.0002939389464746,42165465.262669794,0.1633320763546474,97.7126547260338,70.12874120815549,52.92332259967586,0.0408220404091844,-17.957226440607243,35779853.775959805,-31930205.004535917,-27527223.74291029,100730.97414646402,2007.384799396861,-2329.587890107732,-4.779417869156737
2022-10-20 16:00:00.000000Z,0.000267937235672,42164933.68792928,0.1633938605151033,97.69635950332726,69.46258907086255,83.69308874445268,0.0310905288884831,-17.952037353595063,35785552.61977194,-13829984.818596262,-39830958.98417163,54296.79125383592,2904.333144171593,-1009.3111898165336,-7.822400822655122
2022-10-20 18:00:00.000000Z,0.0002426413134255,42165158.43962678,0.1635812791816936,97.68380139606522,69.8471281578217,113.4001578250571,0.0129149285358977,-17.955124614589156,35791082.59927496,7996463.705681272,-41404101.28495248,-6819.794979063579,3018.6645882552293,582.3053449534151,-8.763309724806971
2022-10-20 20:00:00.000000Z,0.0002169785378781,42165925.32748066,0.1637987603300624,97.70900319875156,70.63527303115295,142.6591462879174,-0.0088452050643493,-17.9649315182456,35795061.50950934,27669915.11634656,-31826876.84449004,-66183.52853977316,2320.1614972505035,2016.60040305274,-7.346357508723428
2022-10-20 22:00:00.000000Z,0.0001991835794646,42166581.05674131,0.163938710081178,97.762924089836,70.019642120687,173.2893561972354,-0.0283369683953519,-17.978570672748198,35796785.388510875,39894224.33703946,-13680764.544537617,-107814.93300242547,997.1976350950504,2907.720094915677,-3.950902600189604
2022-10-21 00:00:00.000000Z,0.000201330034879,42166514.56937847,0.1639720952817172,97.81389252076306,68.9329859815168,204.3929196438717,-0.0402959023027812,-17.99282623609602,35796108.86665794,41379457.41524165,8148189.920487776,-120493.03460258448,-594.1598768758416,3016.0432644651232,0.5111125478375611
2022-10-21 02:00:00.000000Z,0.0002223684073164,42165700.24618629,0.1639543153072572,97.8370033535533,70.25444195871899,233.1186546762627,-0.0414673475730995,-18.004650908876197,35793189.21354163,31725294.61034801,27783381.357942216,-100776.34892226991,-2025.7514784903835,2312.353094582715,4.840395831117423
2022-10-21 04:00:00.000000Z,0.000249780822798,42164858.33822704,0.1639785656792642,97.831600396619,72.76139200247124,260.6926342023503,-0.0314860963310731,-18.011253876731292,35788422.12592396,13529089.361961586,39937194.9466004,-53933.38647276321,-2912.1929324348152,985.7423915618874,7.872463158884698
2022-10-21 06:00:00.000000Z,0.0002777714300214,42164893.20475291,0.1641118699570125,97.82379520825457,73.1851687855968,290.35966670550755,-0.0129802243410162,-18.010387202138325,35782678.5288365,-8310755.278818235,41333589.9349422,7466.586905041167,-3014.4281959616,-606.9155496197246,8.790496596657947
2022-10-21 08:00:00.000000Z,0.0003088970623519,42165905.93199767,0.1643300054556085,97.85062260365687,71.71769935858296,321.8915181934684,0.0091238473404587,-18.001319970027215,35777518.8211286,-27910950.76020613,31592303.910839207,66924.81138895573,-2304.325909934222,-2036.6076329191412,7.344967347314398
2022-10-21 10:00:00.000000Z,0.0003323763665471,42166872.463731565,0.1645103632883053,97.92190249285306,70.92349054016752,352.71185970723866,0.028905818486986,-17.986046537953374,35774833.355628006,-39987850.0503145,13335403.928232582,108442.46982438413,-972.850896767125,-2917.654829786254,3.92123700465111
2022-10-21 12:00:00.000000Z,0.000329575657475,42166749.06358524,0.1645581082257925,97.9970146962077,70.58989286206067,23.06919425560229,0.0410259616169517,-17.969328643267513,35775825.55916838,-41284487.174072266,-8516635.438239984,120822.61322360674,620.9747819041934,-3012.155564732362,-0.5625858433179881
2022-10-21 14:00:00.000000Z,0.0003051586369084,42165716.1458313,0.1645334415394866,98.0291782833241,68.88906724959607,54.83253150621536,0.0421676154027114,-17.95677968573824,35780165.41635339,-31451988.548950367,-28072846.99955985,100694.14435785876,2047.1341169821292,-2294.7179928309515,-4.900616745784397
2022-10-21 16:00:00.000000Z,0.0002774970980531,42164831.53133783,0.1645635278680406,98.022288477383,66.34858324418138,87.46657365254173,0.0319600783896966,-17.95224079551838,35786174.10410938,-13143130.17450127,-40063504.637195095,53438.99400592168,2921.204206628951,-959.230363665102,-7.923630782364182
2022-10-21 18:00:00.000000Z,0.0002505900865244,42164858.2266738,0.1391626792925516,98.46297342599664,64.69648418382874,118.75596626414958,0.0159294455264621,-17.9564000280462,35791802.330961,8706718.333965782,-41261323.30459847,-6168.004439804952,3008.155113965055,634.0737337335007,-7.453457681315817
2022-10-21 20:00:00.000000Z,0.0002209422337915,42165718.893788,0.1392962105451677,98.48125854432624,64.72011750352848,148.7853863532781,0.0058359673738945,-17.96719686745618,35795548.844270244,28212394.128195323,-31347685.58854153,-56599.20363898805,2285.147262001667,2056.132040189659,-6.232111502063181
2022-10-21 22:00:00.000000Z,0.000197034661211,42166646.527254775,0.1393756384069279,98.51716141406092,63.9155142588327,179.62217576466432,-0.0058953153835329,-17.98124438032277,35796817.63768204,40123113.34900789,-12994388.730881937,-91844.24252771492,947.1077041072743,2924.4197713063927,-3.3320974826079697
2022-10-22 00:00:00.000000Z,0.0001936080086414,42166808.90272291,0.1393922073778592,98.5461651515245,63.19888687988964,210.37802117976176,-0.0160899705368383,-17.995158026852078,35795714.5009471,41233198.43053495,8857009.152978905,-102402.8039257484,-645.8821515803817,3005.4320751713126,0.4673144745710744
2022-10-22 02:00:00.000000Z,0.0002112605052805,42165992.38977833,0.1393875798862069,98.55469707944698,65.98766478516549,237.6518506661508,-0.0219793518309977,-18.006151734960685,35792620.39101801,31243049.322712127,28323794.81165794,-85411.66824465555,-2065.20595481612,2277.256459818011,4.144185111308301
2022-10-22 04:00:00.000000Z,0.000237617696804,42164888.2030329,0.1394096221186179,98.5478631346834,70.77549406837484,262.9471971821559,-0.0219507502633854,-18.01194173519754,35787979.04939213,12840481.29211268,40163432.61635103,-45421.20155794997,-2928.7318534139617,935.5788561399085,6.708565901200288
2022-10-22 06:00:00.000000Z,0.0002659465651158,42164601.91452819,0.1394809797074641,98.54282134848528,73.13669891011736,290.67443192235936,-0.0159842569117894,-18.010676952249437,35782503.28618938,-9020274.269163735,41184392.61141566,6821.97383199617,-3003.558986202433,-658.628897047044,7.468939359824147
2022-10-22 08:00:00.000000Z,0.0003000515041556,42165571.98349072,0.1395841579966362,98.55784309002274,72.3293864072241,321.5579091242404,-0.0056617439687407,-18.001625868128233,35777524.12568532,-28450109.968075484,31107679.58030587,57261.326323147965,-2268.966115468909,-2075.914098596608,6.218703340449739
2022-10-22 10:00:00.000000Z,0.0003322479150572,42166890.27778282,0.1396649353201105,98.59568144582066,71.35247539870582,352.5942934168554,0.0062504313528085,-17.986450770282964,35774860.2049961,-40211297.02737539,12645878.510441376,92311.5288323975,-922.5399173283084,-2933.950434993008,3.2924617332822548
2022-10-22 12:00:00.000000Z,0.0003388757067282,42167142.69580878,0.1396848763463558,98.6324956735688,70.6868106291452,23.322028706528982,0.0165354227866486,-17.96970137115055,35775883.04656334,-41132046.47689162,-9225272.275441118,102518.3062154005,672.663470306889,-3001.046013207858,-0.5231822116220701
2022-10-22 14:00:00.000000Z,0.0003180264388633,42166088.50625129,0.1396802798555751,98.64214617663754,68.14090594266611,55.95289513708622,0.0223923210541181,-17.95722206870951,35780440.70648163,-30964907.93600813,-28609664.562663235,85112.19193830753,2086.251746814199,-2259.205341756626,-4.2006977124013
2022-10-22 16:00:00.000000Z,0.0002910662034131,42164858.590468496,0.139713465820441,98.6315925241608,63.890092053518025,90.3003755157791,0.0222084103418797,-17.9532410034207,35786782.36176793,-12452942.837617887,-40284024.56703428,44764.71581095104,2937.205313296603,-908.9182664531612,-6.74851711488985
2022-10-22 18:00:00.000000Z,0.0002648355121403,42164592.36054613,0.1397821377185046,98.62631816348429,60.89103314156236,123.38160216724458,0.0160132261682297,-17.958480655165907,35792597.349120095,9413861.266699236,-41106568.72937888,-7664.968669216576,2996.7630140668352,685.5959012039125,-7.47926281693621
2022-10-22 20:00:00.000000Z,0.0002331956907985,42165437.41402958,0.1398337436571454,98.63308820373844,59.611509698544616,154.72451838659623,0.0054756733579326,-17.97045325177816,35796191.45486767,28746122.82502342,-30859861.18843329,-58056.54077908111,2249.4870182154286,2095.0022577755853,-6.195306263666019
2022-10-22 22:00:00.000000Z,0.0002038316005285,42166601.51502354,0.1398428156632252,98.63606755928788,57.90004713984807,186.50041102048684,-0.0065518153482619,-17.985180304221963,35797004.12257322,40340028.6610724,-12305120.819824643,-92832.74648077192,896.7897077427714,2940.224336114413,-3.241570731377096
2022-10-23 00:00:00.000000Z,0.0001938724806246,42167050.84090493,0.1398381888069226,98.62174316961894,56.7211878092946,217.76197138926165,-0.0168098635713485,-17.998938813197608,35795376.113999695,41075046.40402956,9562177.641631432,-102615.1965587304,-697.3561180214358,2993.941538704423,0.5873459047950285
2022-10-23 02:00:00.000000Z,0.0002055081853111,42166344.60496517,0.1398615413386538,98.59590387220275,60.28869854246814,244.292299177324,-0.0225171025578916,-18.009072307949264,35791965.09718101,30752214.369874094,28855010.63977545,-84752.20712817233,-2104.0141902718588,2241.5326560058734,4.260485383616135
2022-10-23 04:00:00.000000Z,0.0002273856089326,42165060.97360635,0.1399180855157769,98.57608135321613,67.26089652945979,267.4173217881094,-0.0221250968528944,-18.013805912854487,35787353.83345468,12148853.906841883,40377370.22360016,-44040.146442123856,-2944.404767528659,885.1986407439414,6.787589265265032
2022-10-23 06:00:00.000000Z,0.0002533131879959,42164416.20399209,0.1399730007142954,98.5714565253508,72.11574246211478,292.6512030030598,-0.0157390883904876,-18.011836638940146,35782163.50859204,-9726453.201862846,41023005.41998856,8559.36027358105,-2991.8278426065626,-710.0952505402768,7.485936213409225
2022-10-23 08:00:00.000000Z,0.0002877247812609,42165179.62166584,0.1399898400034435,98.5730373955286,72.80572988302882,322.0509710864115,-0.0050911219864991,-18.00263567137103,35777474.54062048,-28980416.73431744,30614172.6173501,58866.03338006098,-2232.971874415124,-2114.5680715244293,6.165005219998547
2022-10-23 10:00:00.000000Z,0.0003266333658926,42166720.87361811,0.1399696347796103,98.56167817125392,72.28321813695507,352.6820081095816,0.0069266796048941,-17.987605990960898,35774922.93153335,-40422690.34986728,11953152.768858712,93302.34850633804,-871.9958517770499,-2949.356353940097,3.17914124593358
2022-10-23 12:00:00.000000Z,0.0003443284495088,42167433.34289148,0.1399567316963575,98.52671975440978,71.81562803882785,23.28336689290732,0.0170455296100858,-17.970930679527044,35775958.563705355,-40967560.23838774,-9930572.072685352,102562.45966618482,724.1168398747064,-2989.0532323110606,-0.6666750247652236
2022-10-23 14:00:00.000000Z,0.0003304364678108,42166553.0499303,0.1399986827069013,98.48085697625396,69.07612580444143,56.16331085314588,0.0225130708240169,-17.95848432032176,35780654.393753864,-30469001.078504976,-29137545.985747863,84135.0753626719,2124.731687962033,-2223.055902039988,-4.333798132110056
2022-10-23 16:00:00.000000Z,0.00030644927258,42165057.38249286,0.1400859039268006,98.4505818700163,63.62494442604978,91.73049306621652,0.0218505270722165,-17.954890278039652,35787306.63409576,-11759477.795441736,-40492437.20218905,42988.41492351333,2952.3375963499534,-858.381351869575,-6.831573525540673
2022-10-23 18:00:00.000000Z,0.0002834404958177,42164413.6417742,0.1401500093779424,98.4449289317361,58.91345733372784,126.52356694134156,0.0152562075717563,-17.96108958261896,35793387.194269404,10117876.335407076,-40939784.26505235,-9774.082792030324,2984.502669482545,736.8716898398856,-7.485895565082995
2022-10-23 20:00:00.000000Z,0.0002528485133439,42165109.59421561,0.1401397198964466,98.44171802286468,56.19176880704794,159.31738270782887,0.0045429877925188,-17.97430871601945,35796946.53007153,29271176.883978706,-30363337.83717103,-59916.3571076692,2213.190968889658,2133.213783618234,-6.12057105468863
2022-10-23 22:00:00.000000Z,0.0002201845950978,42166431.0154864,0.1400816123816793,98.4106181633898,53.25796824469364,192.34876463132176,-0.0073631212777064,-17.989963482386184,35797363.51617628,40545098.20392408,-11612882.34770132,-93909.38651031443,846.2483959093499,2955.133864911912,-3.103504230280853
2022-10-24 00:00:00.000000Z,0.0002043691070085,42167192.20573386,0.1400577550944548,98.34580333158225,50.86087267053755,224.87893860440585,-0.0172205546872577,-18.00383466182027,35795160.80626468,40905155.53198791,10263760.37815911,-102574.348645131,-748.5785897550704,2981.568305737342,0.7526165923260999
2022-10-24 02:00:00.000000Z,0.0002089938274886,42166706.84970834,0.1401243809293555,98.27430806638714,53.92582725513389,251.95823567485849,-0.02235213024514,-18.01321073216209,35791297.53375761,30252966.1138407,29377070.448814437,-83557.06623777132,-2142.173579611878,2205.179337256556,4.408313043728539
2022-10-24 04:00:00.000000Z,0.0002234019349232,42165364.66860804,0.1402514845797738,98.23106735521034,62.09631703770379,273.9095862546011,-0.0213726806883833,-18.01674280396861,35786583.31252442,11454387.988900756,40579044.75269997,-41970.71900345526,-2959.213892049815,834.6026471955876,6.876621935550829
2022-10-24 06:00:00.000000Z,0.0002433456598515,42164384.53413882,0.1403422467658788,98.22348703768346,69.43618560152616,296.6624090158279,-0.0145672791756013,-18.013765088839595,35781641.31006866,-10429154.38253681,40849473.99340564,10971.106663403412,-2979.244421066908,-761.3138924752182,7.489172918854204
2022-10-24 08:00:00.000000Z,0.0002743863391686,42164802.63845783,0.1403226106749555,98.21784260559036,72.36143600943393,323.83453724534644,-0.0038158495741031,-18.004166419098958,35777324.332537115,-29501818.78988352,30111823.10871917,60969.739548164645,-2196.3561662935385,-2152.571728948013,6.0773984695083145
2022-10-24 10:00:00.000000Z,0.0003160888713184,42166371.05642974,0.1402270729909208,98.16527537955434,73.0394219143085,353.3061668984898,0.0079180447147857,-17.98925421518944,35774996.535456374,-40622063.98646452,11257248.9670392,94498.66323624313,-821.2289040177407,-2963.8745414999607,3.0197846572886604
2022-10-24 12:00:00.000000Z,0.000344025392417,42167528.9991781,0.1401899107520322,98.05374102257896,73.35989442560515,23.195848849364847,0.0174020185621885,-17.972768557224235,35776057.19185947,-40791116.702950336,-10632515.524175122,102467.32938673746,775.3303047078216,-2976.17611141798,-0.8581237119664177
2022-10-24 14:00:00.000000Z,0.0003395924688994,42167022.65198205,0.1403061636844771,97.93372305360766,71.16755617388063,55.60274358045967,0.0220357830923166,-17.96036228916778,35780792.8072769,-29964362.69261671,-29656457.83952051,82698.65158171132,2162.577144534258,-2186.2671504754658,-4.506085516552974
2022-10-24 16:00:00.000000Z,0.0003203651501103,42165427.21198735,0.1405055381691709,97.86744673674166,65.27744183870527,91.64468536491812,0.0205781772180355,-17.956942942093892,35787673.59648679,-11062774.282427909,-40688683.50498922,40531.88455936159,2966.6128491403992,-807.614373144631,-6.935421075591076
2022-10-24 18:00:00.000000Z,0.0003023629860405,42164384.9855641,0.1406263554472551,97.85769872380916,59.2174896807881,127.78963545220655,0.0134794328442104,-17.963826529864686,35794057.67746921,10818816.204085035,-40760852.05577929,-12627.10981406851,2971.384108524049,787.9121372894674,-7.488865583960448
2022-10-24 20:00:00.000000Z,0.0002760843773737,42164791.99237809,0.1405942644072595,97.84932998030617,55.21098677127182,161.87228671017417,0.0027327059354637,-17.978182539181482,35797717.92260066,29787656.202543065,-29857903.17873345,-62403.33838542244,2176.2610192003785,2170.7804154323576,-6.017622623385995
2022-10-24 22:00:00.000000Z,0.0002432489915052,42166145.97604674,0.1404866446696451,97.78915121775375,51.21377480144543,195.9950874414353,-0.0086895946207776,-17.99490850435805,35797868.56805449,40738398.72330483,-10917381.806456488,-95339.33223816012,795.4762280481835,2969.154919786607,-2.919156589839899
2022-10-25 00:00:00.000000Z,0.0002236012052622,42167195.08723376,0.1404517717260769,97.67423657373791,47.41910150058713,229.9725332656016,-0.0176507816803861,-18.009184846658826,35795120.92485222,40723538.60872735,10962051.643787729,-102522.0357490572,-799.5580370556027,2968.3066819308224,0.9707528180812458
2022-10-25 02:00:00.000000Z,0.0002225184800541,42167020.49458246,0.1405753286836895,97.55270567907708,48.86555469878584,258.7208895164711,-0.0217020244642838,-18.018038488709035,35790716.68597908,29745278.40583322,29890197.58631261,-81986.23128806395,-2179.685893453863,2168.184015510445,4.6022733167889225
2022-10-25 04:00:00.000000Z,0.0002289366894532,42165764.48460575,0.1408029193922847,97.48039820868436,56.58235734351042,281.1561811555246,-0.0197485978258184,-18.020383610509818,35785757.60197101,10757066.436121289,40768590.7120538,-39253.46315467628,-2973.155923472385,783.7796664479038,6.993531583786084
2022-10-25 06:00:00.000000Z,0.0002399854561601,42164538.0296314,0.1409792299783937,97.46870134929073,65.4229711430713,302.4135917252586,-0.0123507055144574,-18.016189853082043,35780975.30878372,-11128372.453543885,40663864.51217031,14143.978977097977,-2965.8067058921497,-812.2929148236502,7.495422642259584
2022-10-25 08:00:00.000000Z,0.0002634396336446,42164534.67208196,0.1409828498728123,97.46530516159454,70.76369141889192,327.1686544304827,-0.0015745335313947,-18.005938810045638,35777063.25167519,-30014309.238625437,29600643.29148874,63764.53311797028,-2159.1204136528627,-2189.932158611259,5.967859048751363
2022-10-25 10:00:00.000000Z,0.000302469965477,42165908.68414575,0.140857535028797,97.39087794683824,73.29111169739733,354.8126744226893,0.0095704111346908,-17.991061569204227,35775069.96693592,-40809427.54948843,10558135.957841303,96154.69807622726,-770.2419189145871,-2977.509221447845,2.819484178495397
2022-10-25 12:00:00.000000Z,0.0003368521196647,42167377.60167114,0.1408147365582786,97.21844529354306,74.97366674302239,23.4008608545361,0.0179642658499769,-17.974886583721172,35776203.9908284,-40602748.34267892,-11331142.288193293,102497.1222866434,826.3004022919074,-2962.412648909185,-1.0998548806193706
2022-10-25 14:00:00.000000Z,0.0003424486535379,42167383.351889245,0.1410240048025822,97.0237597240746,74.03820181615079,54.62542306633707,0.0212614909926551,-17.96260675785784,35780883.37646418,-29451048.042938974,-30166408.5215157,81024.32362651361,2199.785962167762,-2148.833143174761,-4.727040393198862
2022-10-25 16:00:00.000000Z,0.000329093843639,42165923.2346171,0.1413858179292193,96.91285997453078,68.58836585696532,90.2717167257706,0.0185686269485773,-17.95918083448072,35787847.47747774,-10362884.4131499,-40872722.752947606,37525.54281671702,2980.034620691544,-756.6093499501841,-7.075515340906973
2022-10-25 18:00:00.000000Z,0.000316671311398,42164554.12949099,0.1416333899093189,96.89780331892916,61.69746222931596,127.25262863466664,0.0106904942281403,-17.96636327249517,35794497.00811907,11516671.952821538,-40569656.92745942,-16218.491735700743,2957.4145520009865,838.7305604426888,-7.506740268464482
2022-10-25 20:00:00.000000Z,0.0002973227433848,42164560.19234523,0.1416371070679008,96.89364927107091,56.64477772892713,162.3764283561528,-0.0001270409550209,-17.98153795819726,35798370.948407575,30295587.95830838,-29343327.416162245,-65643.96682221786,2138.698353498776,2207.719573526916,-5.903778849669407
2022-10-25 22:00:00.000000Z,0.0002678068200266,42165786.09763639,0.1415119198588586,96.81774481133324,51.91027794756238,197.25121430790367,-0.0108480792317802,-17.999291840807594,35798433.11886811,40919926.13405485,-10218279.40514858,-97355.5808325604,744.4636640929021,2982.298570277117,-2.700124638928125
2022-10-26 00:00:00.000000Z,0.0002469456368643,42167039.93815695,0.1414788547878234,96.66365108640004,47.01922134643594,232.3635887462861,-0.0184897173029241,-18.014201300242647,35795259.99035205,40530105.42482469,11657418.727734828,-102744.232705548,-850.3068083650999,2954.152710813364,1.23898624915947
2022-10-26 02:00:00.000000Z,0.0002427941794938,42167221.61404644,0.1416668634142257,96.49769250917392,46.48440893891824,263.13784368251964,-0.0209357369682811,-18.02284929908455,35790305.408829205,29228997.540110502,30394683.547328506,-80310.67529719719,-2216.555112436008,2130.531175250254,4.84922859690128
2022-10-26 04:00:00.000000Z,0.0002436993614663,42166195.27665684,0.1420109624603148,96.39768835161352,52.42490354848519,287.3781429291139,-0.0175134398292256,-18.024191926081908,35784986.833090514,10056746.13363156,40946178.90175121,-36079.71677865762,-2986.22467638137,732.7133475812127,7.153091706720582
2022-10-26 06:00:00.000000Z,0.0002457283434839,42164867.67343012,0.1423086242647949,96.38381781047345,61.14673273987314,308.7577817907945,-0.0091806571998411,-18.01872883948515,35780242.770984486,-11824191.211894955,40466247.202543326,18010.985106019652,-2951.50583335404,-863.0437760736352,7.5237161658871585
2022-10-26 08:00:00.000000Z,0.000258459524427,42164456.21798024,0.1423891800340674,96.39388523706312,68.1433243199223,331.8443613392289,0.0017303157118324,-18.00762635556031,35776710.33322291,-30517918.967634533,29080633.47496494,67322.10135652161,-2121.2592640001867,-2226.657814020846,5.855127672921149
2022-10-26 10:00:00.000000Z,0.0002889794291003,42165448.44338258,0.14228506380623,96.3244713452544,72.67885731081371,357.4753376215054,0.0121469599010041,-17.992666462900686,35775138.317568,-40984788.56387725,9855761.317839812,98463.89147729728,-719.033706450308,-2990.2661563978463,2.592768919031557
2022-10-26 12:00:00.000000Z,0.0003234823751816,42166995.17103703,0.1422562347081527,96.12616560048151,76.09929513059436,24.351095727063903,0.0191063333863799,-17.97690948817169,35776430.638508245,-40402470.98156544,-12026525.568298511,102926.81111083578,877.023340906639,-2947.7623717284737,-1.3840250419460496
2022-10-26 14:00:00.000000Z,0.0003369097354928,42167523.87639047,0.1425548519841291,95.87962776918457,76.97314571986513,53.817884066037806,0.0206020095604078,-17.964939994145098,35780996.81273285,-28929118.717022136,-30667447.678733323,79414.96083408562,2236.349782879196,-2110.748635840449,-4.99691935628204
2022-10-26 16:00:00.000000Z,0.0003297092401526,42166444.87954872,0.1430990784510667,95.72898228227967,72.83449690462916,88.19279535462819,0.0161877572859848,-17.96145544491589,35787864.86139024,-9659926.776312135,-41044565.47731098,34238.66555775199,2992.5969150547908,-705.3610740738329,-7.260988063307383
2022-10-26 18:00:00.000000Z,0.0003222579908941,42164926.82152572,0.1435312294925567,95.71184483692812,65.76383410899788,125.35562827534667,0.0071252342160065,-17.96855757990018,35794649.592384145,12211309.36046078,-40366166.9907046,-20374.50930578064,2942.595555651205,889.3343547118441,-7.556619981812353
2022-10-26 20:00:00.000000Z,0.0003111352708216,42164491.03703336,0.1436341778085179,95.725484384005,59.89649112263846,161.2759472709222,-0.0039937821940568,-17.98407823448435,35798778.168939814,30794860.775013003,-28819505.16411512,-69606.76915539613,2100.5060037304183,2244.0441388471154,-5.800699002992288
2022-10-26 22:00:00.000000Z,0.0002882585717968,42165421.207648166,0.1435316731967727,95.65559036064144,54.69243110634694,196.61351675170587,-0.0140094603309402,-18.002597993711657,35798931.07691376,41089569.5458434,-9515373.31254732,-100083.55120833818,693.2071347352042,2994.57693453662,-2.4673879410658786
2022-10-27 00:00:00.000000Z,0.0002690407033933,42166737.93297978,0.1435125362776816,95.484312885893,49.14653274688881,232.39720662732427,-0.0200878186308894,-18.018216825434383,35795521.291533604,40324699.128938384,12350116.668908795,-103498.28432927666,-900.832593978182,2939.107837111302,1.5424607219125797
2022-10-27 02:00:00.000000Z,0.0002644803027262,42167255.66275891,0.1437600963100133,95.29006807838884,46.86689234293399,264.94447153470924,-0.0205022763911817,-18.026968877292568,35790098.50200374,28703927.375801567,30890749.738574743,-78860.1014059635,-2252.7828325773594,2092.21093813449,5.144366599056623
2022-10-27 04:00:00.000000Z,0.0002636936305903,42166573.64069337,0.1442163904827308,95.1705467746718,50.54764540605719,291.46472364417843,-0.0151072666710673,-18.02761789794746,35784365.32530918,9353256.943911508,41111946.10695259,-32772.65425035666,-2998.4116406378025,681.3918144409507,7.361893969164507
2022-10-27 06:00:00.000000Z,0.0002598260944729,42165318.996857285,0.144646474008561,95.15881722765393,57.854664860810864,314.2581879694415,-0.0053827609091938,-18.020998947372554,35779534.667624325,-12516700.808895146,40256688.66810967,22332.909304316607,-2936.329716097432,-913.573663405922,7.590302029164788
2022-10-27 08:00:00.000000Z,0.000261687134813,42164602.078198574,0.1448366351918948,95.1920769776514,65.1233333512144,337.05044893880864,0.005963612908918,-18.008946209746647,35776304.0576561,-31012663.606145523,28551820.93130988,71543.15058480742,-2082.764925949854,-2262.753236112642,5.761008496344996
2022-10-27 10:00:00.000000Z,0.0002795427393999,42165117.069128014,0.1447923328231648,95.1537000771395,71.0205892496936,1.2888775685398743,0.0157321635999858,-17.993773732143268,35775196.09889907,-41148129.3481495,9150117.075110149,101488.2796945048,-667.6027744345995,-3002.150665975599,2.3617859683127342
2022-10-27 12:00:00.000000Z,0.0003070416402538,42166479.56616359,0.1447870549369999,94.97233453826055,76.09266205733888,26.49557978992793,0.0211120887225044,-17.978496822561997,35776754.738041334,-40190279.44382384,-12718707.744913615,103965.03583042968,927.493743796362,-2932.228906720324,-1.692729800785385
2022-10-27 14:00:00.000000Z,0.0003231949148925,42167386.00093932,0.1451410914092053,94.71417938444296,79.00970385044134,53.930232567717,0.0204822759887802,-17.967088841735855,35781222.202182755,-28398640.300017446,-31159632.292804733,78183.09465070764,2272.254465174268,-2072.014629477382,-5.305217232124034
2022-10-27 16:00:00.000000Z,0.0003210959191642,42166857.93974778,0.14583725598685,94.54219666568578,76.91695165451698,86.28050162289017,0.0139166424991668,-17.96368773573607,35787838.27183092,-8954082.510249358,-41204282.71847583,31025.37844909669,3004.2838511883974,-653.873236735058,-7.4911203239922575
2022-10-27 18:00:00.000000Z,0.0003172323477065,42165448.9884052,0.1464733600224151,94.52943430764954,70.47101153823445,122.81454036015752,0.0032173161828059,-17.97048722284602,35794557.86531238,12902465.39648116,-40150491.46718811,-24775.65203374913,2926.921867989199,939.7177011278588,-7.648870452357464
2022-10-27 20:00:00.000000Z,0.000313955851653,42164638.76481837,0.1467264494699485,94.57499988871632,64.08540987530087,159.22133538287963,-0.0085858607447271,-17.98586493556642,35798878.05981845,31285220.944217317,-28286570.33552137,-74084.01219038836,2061.690766341395,2279.754359633744,-5.728563504893796
2022-10-27 22:00:00.000000Z,0.0003002735071118,42165141.67634612,0.1466844500424552,94.53678864009656,58.57967625117394,194.828556976631,-0.0181202426402519,-18.004723005398485,35799243.8393015,41247138.37668256,-8808763.885705374,-103483.44906882371,641.7155992382245,3005.998411430038,-2.2464570351348483
2022-10-28 00:00:00.000000Z,0.0002856640474883,42166340.73352223,0.1466846370430644,94.37742354581006,52.785960836728975,230.8475551813955,-0.0226416494414388,-18.02093745191159,35795806.967581935,40107181.26357531,13040113.136852344,-104928.39762395386,-951.129968675719,2923.1811211539152,1.8567133435090848
2022-10-28 02:00:00.000000Z,0.0002821321781137,42166732.2741923,0.1469708068304345,94.17798223166292,51.57340634918621,262.332389850592,-0.0208061939738809,-18.03023012829175,35790179.29433496,28170159.71349831,31378383.118886027,-77932.16468816856,-2288.335322592649,2053.2271027998127,5.470566901320412
2022-10-28 04:00:00.000000Z,0.000283324255919,42166446.29386797,0.1475101301388092,94.05149017289229,53.13164131811009,290.9821894629785,-0.0130462883353283,-18.030821172624066,35784028.469707094,8646936.57568188,41265939.97505095,-29712.511629428387,-3009.684589770925,629.8290019758927,7.614633562183516
2022-10-28 06:00:00.000000Z,0.0002792964158852,42165431.10627181,0.1480549000757142,94.04590583606252,58.53183589795903,315.6770832256864,-0.0014596736264663,-18.02345342817598,35778867.32579559,-13205384.964857344,40035360.703674406,26739.12088443306,-2920.2629051607405,-963.8653217806076,7.703034354608645
2022-10-28 08:00:00.000000Z,0.0002748167140955,42164578.1997142,0.1483586150803865,94.10656439515787,64.89290886642503,339.35058750493795,0.0107565737586578,-18.010354492083895,35775597.70587609,-31497978.450194657,28014440.981599137,76155.29909654756,-2043.6362993160803,-2298.2220972473865,5.704262589949082
2022-10-28 10:00:00.000000Z,0.0002805129348539,42164633.66545699,0.1483902011133205,94.11554115702263,70.85116019771768,3.48146235709282,0.0201748229744508,-17.994386241163664,35774690.75882374,-41298841.47096831,8441299.17689651,105115.19436325927,-615.9317936687667,-3013.1958788907496,2.15115960563773
2022-10-28 12:00:00.000000Z,0.00029671829079,42165604.20811926,0.1484037777931221,93.98564835623024,76.60715274891977,27.95310045072618,0.0240762773309169,-17.97878026556661,35776414.764652744,-39965293.42417442,-13407847.984917285,105679.20456549064,977.771282780992,-2915.8411235082835,-2.001495557165212
2022-10-28 14:00:00.000000Z,0.0003097599226957,42166634.17759879,0.1487572390796842,93.757206345147,81.12972531163737,53.7527284634271,0.0212168636315778,-17.96715301537381,35780771.640461124,-27858189.341175232,-31643148.533610683,77556.55511826977,2307.583974079829,-2032.6020631884328,-5.632513209301765
2022-10-28 16:00:00.000000Z,0.0003097721551351,42166670.0909091,0.1495243550744351,93.58844596895398,81.47034924281802,83.667080079779,0.0122227545604018,-17.963071622221996,35787088.27941001,-8243402.658398444,-41351562.71225746,28224.94101403148,3015.1471415950755,-602.0378186735244,-7.754860402376545
2022-10-28 18:00:00.000000Z,0.0003067346502787,42165636.07315144,0.1503279391282004,93.58563851881937,76.65551677641862,118.56127378828158,-0.0005100866098533,-17.968654638714394,35793679.57421669,13592184.261126917,-39921345.127154194,-29041.684715493982,2910.362175823035,990.033604793008,-7.7834909824879315
2022-10-28 20:00:00.000000Z,0.0003080504939984,42164637.84828563,0.1507490693975428,93.671128606565,70.3141921003648,154.88502647992254,-0.0134414327870858,-17.98287366306642,35798260.97411463,31768132.756671496,-27742171.63940506,-78739.16544734067,2022.1243636360584,2314.9813148933254,-5.699436962465598
2022-10-28 22:00:00.000000Z,0.0003035492489393,42164665.00056042,0.1507927243421516,93.68616486694458,64.74852677613866,190.4993874002007,-0.0228926147398167,-18.00127610991401,35799112.63093151,41392907.096907176,-8095437.322295034,-107344.1675794409,589.7957429586397,3016.607212697001,-2.059456838503817
2022-10-29 00:00:00.000000Z,0.000295156749221,42165563.71845812,0.1508083744866427,93.56706574554292,59.14844181339418,226.28415748778636,-0.0261132398834068,-18.01782140197208,35796025.634070486,39876393.89514384,13730322.412096422,-107004.16149097304,-1001.3910868596708,2906.29980817399,2.1547239263101137
2022-10-29 02:00:00.000000Z,0.0002950734944383,42166413.26107341,0.1510982186787876,93.38636257632362,54.92350808803763,260.762238515838,-0.022073893037411,-18.027508588713157,35790270.05384189,27624787.03308679,31859687.056102887,-77686.90571871934,-2323.4195228252493,2013.411495892691,5.802910154520606
2022-10-29 04:00:00.000000Z,0.000299766647371,42166498.62721074,0.1516716023476333,93.26553322390949,54.74956569494188,291.13858952664293,-0.0117680813760048,-18.02806367861688,35783799.99145237,7933796.036237276,41408731.81768629,-27212.16006749292,-3020.127250622442,577.7777632551837,7.894699579996701
2022-10-29 06:00:00.000000Z,0.0002983475438876,42165843.086160295,0.1522884755227496,93.2675962112995,58.21401713417732,317.76219588861096,0.0020467654049564,-18.02008027406505,35778390.59027605,-13894271.475423094,39801018.6743412,30840.223742796006,-2903.232407598329,-1014.158364152832,7.857722604464963
2022-10-29 08:00:00.000000Z,0.0002910707712302,42165046.74136023,0.1526823717697652,93.35224061567548,63.13660786707418,342.8510466633956,0.01559435867071,-18.006131667698675,35775182.0602582,-31976903.375488687,27465859.382978223,80786.95352472489,-2003.6860626330783,-2333.196934847977,5.6938853829875145
2022-10-29 10:00:00.000000Z,0.0002864309492126,42164763.93412484,0.1527833955609944,93.40985490177913,68.29511453330248,7.733492740859197,0.0251069826789994,-17.989698763147114,35774659.4287543,-41438524.398279,7726256.796284962,109078.09058544696,-563.8288459700898,-3023.385913308905,1.980350845918403
2022-10-29 12:00:00.000000Z,0.0002887133180944,42165244.19753709,0.1528033096997974,93.3468136753504,73.79098372105965,32.39807151111585,0.0278556748061297,-17.974423040549656,35776827.40679947,-39728057.73021256,-14096481.691128826,107965.874666035,1027.9431499028613,-2898.487876885239,-2.285495453122714
2022-10-29 14:00:00.000000Z,0.0002924140262441,42166119.14628343,0.1531001059885437,93.17542906204687,79.09552308002739,57.3577591628796,0.0229087584792129,-17.963711808980054,35781328.912655726,-27308193.34940297,-32119730.97679062,77612.64790554487,2342.286827038672,-1992.420193021271,-5.954320085022384
2022-10-29 16:00:00.000000Z,0.0002902498706473,42166571.22316197,0.1538345453627884,93.03055949765778,81.64343300090107,85.04016967865289,0.011426352433614,-17.96039556823912,35787372.5611563,-7528996.951344202,-41487874.39056379,26075.656936084808,3025.06823492403,-549.8817829297925,-8.03267001808334
2022-10-29 18:00:00.000000Z,0.0002867383874345,42166086.991962805,0.1547172825627372,93.03883381326372,79.1404842519776,117.61136594123803,-0.0035863597893503,-17.966011744293468,35793550.938569374,14278653.90217166,-39680854.690981686,-32822.49571852598,2892.8615247460875,1040.1359868818574,-7.949601337660673
2022-10-29 20:00:00.000000Z,0.0002906669613597,42165166.84313274,0.1552804321657139,93.16088891029663,73.5621726674667,153.1360810443867,-0.0180384480007698,-17.979690811038406,35797962.49656392,32241907.95603458,-27189627.070464287,-83184.67055999034,1981.9015004568912,2349.562527473012,-5.714215612030074
2022-10-29 22:00:00.000000Z,0.0002954675063204,42164786.74095476,0.1554147358655751,93.2380238699423,68.1226325956633,188.5626866045884,-0.027871652152416,-17.997624142395438,35798969.12273952,41526354.31605777,-7379551.70144177,-111329.98739147908,537.6629208558842,3026.3490942543986,-1.919762598219445
2022-10-30 00:00:00.000000Z,0.0002964306404563,42165246.98496064,0.1554358271256338,93.17852121547487,62.94846189795459,223.86193104429407,-0.0302249994184877,-18.014183370625563,35796120.18769644,39633480.09156966,14416769.02780084,-109523.80357127676,-1051.3888545405944,2888.5687788824057,2.4133949902567062
2022-10-30 02:00:00.000000Z,0.0003014417917114,42165994.011776455,0.1556900181816388,93.0352558040251,58.642783921613855,258.38297381523904,-0.0242751706341356,-18.02421498117795,35790412.85867496,27070900.996533915,32331823.5660648,-78108.83046929444,-2357.810056336112,1972.986099550031,6.114034488405437
2022-10-30 04:00:00.000000Z,0.000310684686973,42166347.65663878,0.1562397818181147,92.92988578184958,57.290469495046,289.9220431964391,-0.0114988621576128,-18.024965221815155,35783743.200158134,7218082.583355213,41539412.34780827,-25447.17411554731,-3029.6518889414906,525.539973305279,8.177523577297402
2022-10-30 06:00:00.000000Z,0.0003147018264809,42166101.11581351,0.1568715430297014,92.93810451835024,59.09219785943451,318.20251512825644,0.004709535585305,-18.01668484015816,35778069.5936375,-14579073.727321684,39554964.11612375,34312.95354192856,-2885.315354283676,-1064.156881860615,8.038754405939843
2022-10-30 08:00:00.000000Z,0.0003096628278965,42165534.5001785,0.1573141031920357,93.03690661439896,62.50765456368394,344.78502509680266,0.0199542591295738,-18.00205391507701,35774797.80397683,-32446232.32474573,26909193.361028403,85046.79684573658,-1963.126722611849,-2367.484027240845,5.726881400633807
2022-10-30 10:00:00.000000Z,0.0002998856306035,42165093.36532613,0.1574638913455183,93.13162474701136,66.36209713154095,10.934985270824598,0.03003538317178,-17.985066533030956,35774541.11824287,-41565735.43893974,7008932.727924472,113010.9799655853,-511.55308086556425,-3032.6895982823658,1.8591082484229244
2022-10-30 12:00:00.000000Z,0.0002907067837994,42165108.22437575,0.1574788298187331,93.13050866832026,70.54870964351151,36.84678488404975,0.0320969292006428,-17.969900448138755,35777160.837519154,-39478839.21792115,-14781006.883215733,110565.49879311385,1077.8089962030915,-2880.2856873083247,-2.525643740878679
2022-10-30 14:00:00.000000Z,0.0002829301038853,42165616.75719565,0.1576844457537049,93.02379460686906,75.16778997343005,62.42641167093585,0.0254131789028155,-17.960038258831748,35781954.89803041,-26749955.20966844,-32586916.42542995,78247.42398916652,2376.278661143765,-1951.6527776403964,-6.247364562848786
2022-10-30 16:00:00.000000Z,0.0002740774503643,42166226.98559643,0.1582979256663469,92.91381517363892,78.85452172247751,88.93408566513017,0.0116099762076601,-17.957747430912907,35787871.83289162,-6812394.731022,-41612053.20162741,24641.33352412149,3034.060886711105,-497.5710027486308,-8.301866544102811
2022-10-30 18:00:00.000000Z,0.000266555881066,42166314.45355556,0.1591481142633429,92.92962636120753,78.90586102639516,118.94301598933428,-0.0057237223325214,-17.963805921870037,35793614.484035514,14960640.636174658,-39428854.48351976,-35903.843294757746,2874.479972540052,1089.9152217712692,-8.128638967140297
2022-10-30 20:00:00.000000Z,0.0002688857937577,42165740.6681131,0.1597860896800191,93.07296768783264,75.03963536570643,152.73470709758303,-0.0219401779176249,-17.977137487694364,35797681.11600455,32705796.01233762,-26629362.64137524,-87097.66928084438,1941.0927729626092,2383.4409330812373,-5.761863930484843
2022-10-30 22:00:00.000000Z,0.0002797004009042,42165138.19196452,0.1599946074929794,93.204192474778,70.28218255442818,187.42575417957588,-0.0325617446883646,-17.994451712407493,35798695.83881648,41647237.8419723,-6661798.9630548535,-115075.81178397704,485.38704350564535,3035.205312410384,-1.8270367746923892
2022-10-31 00:00:00.000000Z,0.0002902612907895,42165109.47072567,0.1600112181267653,93.2089719715774,65.96217330661206,221.80681810211857,-0.0345338458512103,-18.01074677321376,35796093.73420224,39378690.00124303,15098739.379118042,-112162.00642978922,-1101.057005848398,2870.0002723140774,2.6214632238997075
2022-10-31 02:00:00.000000Z,0.0003015750043287,42165567.98408324,0.1601985989018141,93.1130967106914,62.23698148607988,255.69975759010123,-0.0271248925055384,-18.021004819039216,35790568.299380414,26509001.430444777,32794303.012312576,-78989.36743405685,-2391.480057407232,1931.9930076836845,6.383352700203132
2022-10-31 04:00:00.000000Z,0.0003155779562127,42166030.607349545,0.1606731701207655,93.029062269449,60.346077457589146,287.7557322606415,-0.0121811166433034,-18.02210448377812,35783831.80348024,6500415.305726137,41657839.83763462,-24376.616254523346,-3038.2527667230606,473.1678498744584,8.438100836033428
2022-10-31 06:00:00.000000Z,0.0003261949100573,42166163.22638562,0.1612613915084318,93.04044113567925,60.87836048391323,317.30247862378206,0.0063446046962797,-18.01383617610362,35777915.46007611,-15259208.843695236,39297429.10064516,37020.79013623877,-2866.527399122949,-1113.811162213472,8.22290321007642
2022-10-31 08:00:00.000000Z,0.0003271337879469,42165943.37617,0.1617035148833139,93.1408077570554,62.99641393489917,345.1812846379291,0.0234567114261622,-17.998748574326402,35774470.9665748,-32905563.137340333,26344988.384706527,88654.98619350935,-1921.9919246764985,-2401.048062152288,5.787503670194045
2022-10-31 10:00:00.000000Z,0.0003177321264701,42165537.250967085,0.1618746088276898,93.25349160238132,65.59466472837197,12.570062629061722,0.0344778419180993,-17.98116881319437,35774323.83752863,-41680352.44947737,6290038.76458955,116559.15079077533,-459.14621499693146,-3041.097629014653,1.7827328545617305
2022-10-31 12:00:00.000000Z,0.0003019926132312,42165206.75684134,0.1618801148935086,93.29557826035838,68.13490573956436,40.08519555412195,0.0363286418958843,-17.96583695461184,35777325.86374654,-39217794.15195366,-15460752.619942896,113131.8423102593,1127.3361836750971,-2861.2546319988664,-2.7151231044576325
2022-10-31 14:00:00.000000Z,0.0002847837453225,42165249.03995014,0.1619910777237622,93.24476089010916,70.88620208907108,67.4761241364647,0.0283721697439365,-17.95655969765592,35782509.2509899,-26183792.89199969,-33044255.314096324,79198.39529914322,2409.5478771108037,-1910.3386182378283,-6.495848870856683
2022-10-31 16:00:00.000000Z,0.0002677640531222,42165745.41145574,0.1624379648369988,93.17091683068652,74.01935297374699,94.50018641813948,0.0125980000534747,-17.955326744021683,35788491.284611434,-6093930.648604864,-41723949.76414475,23793.586495357707,3042.130127190681,-445.1481889729408,-8.541683596262594
2022-10-31 18:00:00.000000Z,0.0002529001205384,42166267.83961882,0.1631577198629368,93.18887613153316,75.81816173455175,122.75871109411824,-0.0068853480302506,-17.962174575520528,35793899.16881458,15637873.325991096,-39165496.15105673,-38258.06638110431,2855.2293693881866,1139.3308120793388,-8.298575015178374
2022-10-31 20:00:00.000000Z,0.0002488356494657,42166222.293111175,0.1637814327860703,93.33182994133946,74.25050166034508,154.25222533544223,-0.0249019676312586,-17.975505642484126,35797535.52098586,33159638.87179334,-26061802.478535835,-90297.94934912304,1899.718946547174,2416.582769212909,-5.822706917272837
2022-10-31 22:00:00.000000Z,0.0002602895703306,42165657.77200971,0.1640283175286016,93.49359783060544,70.86770544668914,187.5386293244639,-0.0365536427167295,-17.992262805416846,35798401.14908257,41755594.57438871,-5942785.618241677,-118280.78322995629,433.001086069977,3043.161299444049,-1.7681987341116212
2022-11-01 00:00:00.000000Z,0.0002783495519412,42165201.65508383,0.1640349882092855,93.55145322788368,67.9041458776097,220.5105995369202,-0.0385505389650582,-18.008124850006684,35795986.50573913,39112316.27300829,15775623.110175015,-114559.63007606032,-1150.360124837328,2850.608275401813,2.7815656577610524
2022-11-01 02:00:00.000000Z,0.000296260985368,42165233.90037693,0.1641432716192824,93.50245361909272,65.42760642295372,253.10791641800995,-0.0301651718022629,-18.0184767474592,35790723.29285202,25939597.669459317,33246708.8863332,-79992.95907821515,-2424.406909924064,1890.4702485753808,6.601720229462402
2022-11-01 04:00:00.000000Z,0.0003147290244134,42165619.13273843,0.1645093313531911,93.44182486080172,63.70191787675934,284.97482635336223,-0.0134979715946559,-18.02002043356893,35784049.14741426,5781393.434165441,41763918.22650236,-23768.862292341677,-3045.9279820952984,420.7100556436257,8.657287731527687
2022-11-01 06:00:00.000000Z,0.0003316956736414,42166031.48692274,0.1650061270704999,93.45347195435512,63.420218013734896,315.3349837858643,0.0070503019861699,-18.012056911326233,35777944.742601246,-15934139.54744011,39028667.68191788,39034.84055449208,-2846.887247032987,-1163.074487953325,8.385655165707007
2022-11-01 08:00:00.000000Z,0.0003405841818918,42166204.61444381,0.1654011470263147,93.54364754849206,64.52866801929362,344.23375619315306,0.0259578987714734,-17.996798091843143,35774246.40694764,-33354557.385791734,25773795.896835253,91505.10081377486,-1880.3173348871967,-2433.8549758038744,5.851999420911644
2022-11-01 10:00:00.000000Z,0.0003359607712357,42165998.23166442,0.165565248314498,93.65366303789774,66.17701474885008,12.575646178810398,0.0380852158619883,-17.978678220326092,35774034.74805863,-41782330.49457125,5570293.4062305335,119465.871004817,-406.6519286087712,-3048.5992635160314,1.7340835913449415
2022-11-01 12:00:00.000000Z,0.0003187674651862,42165492.70689518,0.1655628213057624,93.7146902132599,67.36130245463733,41.42821199845174,0.0400825520692796,-17.962924985194906,35777275.98654587,-38945172.9969946,-16135025.39340399,115321.18023952344,1176.4895528448922,-2841.4121394082267,-2.860519861452594
2022-11-01 14:00:00.000000Z,0.0002962556014797,42165085.84531833,0.1656019761044208,93.70127649981998,67.99489916089834,70.89924995637006,0.0313085808580306,-17.953833556452164,35782857.90390297,-25610128.100545354,-33491258.7238492,80115.64020456688,2442.083683145402,-1868.514466686957,-6.695018887293768
2022-11-01 16:00:00.000000Z,0.0002733316415784,42165258.56188774,0.1658852591618675,93.65772939908236,69.24654114364232,99.77369333014548,0.0140084126469591,-17.953431859779894,35789074.970410906,-5374012.47793626,-41823357.2834744,23252.43824048563,3049.2888457860654,-392.6524116189675,-8.737950663166373
2022-11-01 18:00:00.000000Z,0.0002505870719563,42165976.34664368,0.16641912380484,93.67349988934902,71.15716235306178,127.92166694261756,-0.0072811817152389,-17.961208204026217,35794331.541668914,16310078.837264566,-38890832.18543889,-40038.92167938903,2835.131699032968,1188.350197317777,-8.439067880603599
2022-11-01 20:00:00.000000Z,0.0002362124248269,42166496.78030864,0.1669437726836529,93.79535314720508,71.45517772944423,157.57026284476865,-0.0269172957605939,-17.974883366149918,35797566.181299955,33603326.521182984,-25487208.103849508,-92780.5038466802,1857.8031840081903,2448.962818366356,-5.873586118390204
2022-11-01 22:00:00.000000Z,0.0002419024098757,42166232.83561777,0.1671821815636069,93.9555502050238,69.84113159095064,189.0898371360217,-0.0396170941897318,-17.991290567407347,35798167.80294562,41851490.750108816,-5222913.09312767,-120775.76767892326,380.5310538995783,3050.204978885916,-1.7216573509128568
2022-11-02 00:00:00.000000Z,0.0002629627110569,42165519.495626494,0.1671788548309966,94.04157945832938,68.66387014772707,220.24781662848548,-0.0418617845017962,-18.00667024436018,35795844.25320935,38834613.0671466,16447004.883849902,-116413.32137913854,-1199.2734753603431,2830.401629283483,2.9085022559972336
2022-11-02 02:00:00.000000Z,0.0002863892266526,42165072.04581044,0.1672185310668622,94.02884064679036,68.0394424147544,250.9567881414389,-0.0328890622704396,-18.01699417839393,35790872.01048919,25363086.65313168,33688761.26490191,-80747.731995102,-2456.577240206925,1848.4451955364475,6.772831814868202
2022-11-02 04:00:00.000000Z,0.0003086859177083,42165203.179945976,0.1674690595848861,93.98982927780008,67.20508932344181,281.9102630735006,-0.0149679834581933,-18.01902024950117,35784376.140327044,5061451.651805274,41857600.024663925,-23270.95199981445,-3052.680587581912,368.2018538933267,8.826157020480235
2022-11-02 06:00:00.000000Z,0.0003307848712212,42165745.45063864,0.1678463809113976,93.99985672483449,66.621951846599,312.5729148211459,0.0071651216639602,-18.011620624226538,35778169.87961985,-16603508.229605552,38748884.82984961,40603.11609907679,-2826.412656799871,-1211.9131896499775,8.507398225381364
2022-11-02 08:00:00.000000Z,0.0003479111691072,42166287.08250455,0.1681573741841503,94.07107529348907,67.01067462829063,342.21020917210603,0.027570157329549,-17.996524746384996,35774180.957738,-33793029.0750338,25196037.7621543,93679.32506260948,-1838.1322884818903,-2465.879227006666,5.89492935453201
2022-11-02 10:00:00.000000Z,0.0003508514325302,42166392.15769412,0.1682897022965212,94.16061954071064,68.0341202797045,11.197841111164044,0.0407178600347535,-17.978034817888272,35773742.47750757,-41871723.23467066,4850251.788240203,121628.6483373787,-354.106236971465,-3055.1843868047763,1.6884153751151032
2022-11-02 12:00:00.000000Z,0.0003363046411089,42165890.6429054,0.1682839740525878,94.21664525932128,68.3924564538086,40.88193449040042,0.0430050223502559,-17.96170585173045,35777030.24144475,-38661278.93296844,-16803272.771376643,116874.20204301616,1225.2383512011093,-2820.769461916493,-2.9797545133289063
2022-11-02 14:00:00.000000Z,0.0003122629458756,42165137.95434499,0.1682879149763903,94.21924743146845,67.38257879126493,71.98066827120245,0.0337441721795213,-17.95237625274114,35782924.31298922,-25029418.94247166,-33927522.362139784,80648.51274132932,2473.875923451802,-1826.208289782018,-6.851902045380993
2022-11-02 16:00:00.000000Z,0.0002870800169775,42164881.27458672,0.1684485420641318,94.19608763136677,66.43153569019954,103.03699911575286,0.0153518271688225,-17.952385050720096,35789471.557359084,-4653078.734728873,-41910088.954514496,22659.007713925323,3055.5517051910515,-340.1134410713791,-8.886046997875383
2022-11-02 18:00:00.000000Z,0.0002594118630898,42165534.41869199,0.1687925893600723,94.20756301938184,67.08381107690626,132.44680544379986,-0.0073045264243915,-17.96097042718488,35794778.15101909,16976976.912713267,-38604861.11953055,-41534.95850261795,2814.213268098818,1236.9521907465871,-8.535676863714645
2022-11-02 20:00:00.000000Z,0.0002340991610939,42166506.38943157,0.1691627228980374,94.29472751076838,67.91023765888023,161.60112455618366,-0.0282011124184647,-17.97520041085777,35797735.71702253,34036763.31072453,-24905702.43227498,-94703.1749543173,1815.3690597917264,2480.5670069652865,-5.893199767391694
2022-11-02 22:00:00.000000Z,0.0002286552162058,42166731.33054383,0.1693471154165033,94.42150962334075,67.6228822347802,191.827519896364,-0.0417390269170643,-17.991510368222965,35798031.19108656,41934981.61963192,-4502383.820508195,-122551.30383646926,327.9954866032785,3056.328914575533,-1.6629856885526446
2022-11-03 00:00:00.000000Z,0.0002467648079013,42166002.42984647,0.1693383892234394,94.50295161189378,68.25414624776924,221.18200014068637,-0.0442207300728926,-18.00645011806717,35795695.423337266,38545751.39966561,17112667.037218597,-117541.94421031936,-1247.7839546201378,2809.3842283468834,3.024580881445581
2022-11-03 02:00:00.000000Z,0.0002730071808657,42165124.39692157,0.1693406127603819,94.50762699380311,69.89891753109826,249.60449710839265,-0.0348650662699102,-18.016634682138672,35790996.34258483,24779700.474915717,34120312.12911018,-80936.91510962932,-2487.987886679327,1805.932379326935,6.911165207198453
2022-11-03 04:00:00.000000Z,0.0002981087686645,42164871.71889609,0.1694970435541477,94.484664582391,70.63798350186086,278.96805659220445,-0.0160739563595241,-18.019108293599206,35784771.649413325,4340803.1209784,41938857.72777698,-22503.142318497088,-3058.51855920877,315.6608429701772,8.94726576103761
2022-11-03 06:00:00.000000Z,0.000323722317124,42165373.76742417,0.1697507046299054,94.49215058952564,70.3229077928602,309.3644404194866,0.0071668665418133,-18.012456931619585,35778576.68442664,-17267186.089039546,38458172.37955796,42076.51688412648,-2805.1182648356667,-1260.312101171917,8.577694785477085
2022-11-03 08:00:00.000000Z,0.0003479621568355,42166194.48779814,0.1699572966762207,94.53968835818218,70.2959894342092,339.4405535257183,0.0286144014021795,-17.99786464561762,35774319.123148285,-34220967.06557779,24611904.967378184,95413.51517100296,-1795.4546798345134,-2497.108409747296,5.89546959970128
2022-11-03 10:00:00.000000Z,0.000359649295084,42166660.304568745,0.1700399346891586,94.59584857866167,70.95597961149153,8.825113774937826,0.0424622058840024,-17.97928550323125,35773537.51572502,-41948660.58562311,4130179.434246232,123111.35300205067,-301.5302997998799,-3060.84541360338,1.6198545471676051
2022-11-03 12:00:00.000000Z,0.0003505832348399,42166317.666538045,0.1700365067587036,94.62723891570714,70.97255328531945,38.87617607407757,0.0449312875716093,-17.962384560696954,35776670.16369967,-38366396.71280095,-17465208.926377688,117670.4588682241,1273.5621413726365,-2799.3294558521497,-3.0970424200957822
2022-11-03 14:00:00.000000Z,0.0003276699893901,42165371.47670371,0.1700445674537803,94.62595592850325,69.01355689541862,70.92848190099575,0.0353099754573341,-17.952486136615324,35782715.982545644,-24442062.44997924,-34352825.53428513,80526.611157225,2504.915925468611,-1783.434602499536,-6.983108392858952
2022-11-03 16:00:00.000000Z,0.0003028741733207,42164685.40971644,0.1701424115835174,94.61213350763536,66.2368778576733,103.80118815311666,0.016149441981868,-17.952418201406424,35789591.23455661,-3931519.043166108,-41984044.5060734,21662.082010683345,3060.929599911693,-287.5480928951963,-8.991501220505635
2022-11-03 18:00:00.000000Z,0.0002744634023988,42165064.76645597,0.1703351595328701,94.61902995178627,65.12447629280071,134.97976911744,-0.007431614652166,-17.961485382561104,35795106.469399884,17638309.19531039,-38307579.61794247,-43095.761324903775,2792.497262072321,1285.127551706352,-8.582573981405467
2022-11-03 20:00:00.000000Z,0.0002414274922422,42166270.74718672,0.1705385663182853,94.66758532592412,65.25260268246227,164.87042439151904,-0.0291245560973612,-17.976288696795102,35797960.82003693,34459856.46615595,-24317323.826036304,-96338.6324396836,1772.4374016859929,2511.3919967664124,-5.866389537081087
2022-11-03 22:00:00.000000Z,0.0002229966757893,42167037.530651,0.1706393798598864,94.73844668569126,65.12538171632877,194.9924920804077,-0.043107658114015,-17.992712062373588,35797983.427218,42006093.8440852,-3781256.431044156,-123745.85830044218,275.4066366993258,3061.530500625245,-1.570627936029144
2022-11-04 00:00:00.000000Z,0.0002326469909974,42166545.77461218,0.1706335030827451,94.78276777131563,66.84448050331918,223.2966026207711,-0.0455888203162045,-18.007306812419344,35795547.50606357,38245818.119710654,17772539.36647679,-117917.34034625828,-1295.8871429358333,2787.555983925905,3.153696510385064
2022-11-04 02:00:00.000000Z,0.0002576822308069,42165387.60843632,0.1706436493845653,94.7814189589424,70.7632539552529,249.45136729065248,-0.0358312422144685,-18.017245301092267,35791061.89690474,24189526.81733539,34541303.800368235,-80368.07408280381,-2518.643255201265,1762.934909789171,7.037518050726255
2022-11-04 04:00:00.000000Z,0.0002839596606657,42164694.04606774,0.1707509111392468,94.76602747775269,73.6451688840729,276.66418717383755,-0.0163881809610056,-18.020038847316663,35785164.219633594,3619476.485002915,42007653.01939972,-21151.04372189299,-3063.4530588023927,263.0883567403876,9.03291266714507
2022-11-04 06:00:00.000000Z,0.0003113468791457,42164994.26218015,0.1709024278754465,94.77075263689645,74.2224117352374,306.17020908254494,0.0075473657739488,-18.014192151733706,35779106.67325168,-17925228.211610846,38156486.575109325,43816.66223174133,-2783.014844563369,-1308.2737843474497,8.59702389089809
2022-11-04 08:00:00.000000Z,0.0003407651787673,42165963.22421556,0.1710032839329152,94.7937869760885,74.12933608272944,336.3362033821125,0.0295264771483055,-18.000379497017338,35774664.92085616,-34638486.9120082,24021334.668700837,97028.2554156633,-1752.290500345125,-2527.544174768195,5.841977075192918
2022-11-04 10:00:00.000000Z,0.0003609047401623,42166772.98007371,0.1710288052813884,94.8098382880062,74.63990776572238,5.910039446312345,0.0435920117840864,-17.982051461785034,35773498.633823946,-42013292.43866445,3410020.4328505043,124115.57801730922,-248.9287141678186,-3065.578692380728,1.5077289620604803
2022-11-04 12:00:00.000000Z,0.0003590153775973,42166700.07507643,0.171033769665254,94.8032903048518,74.66734238281241,35.98858081033618,0.0459096010339794,-17.964748153686017,35776312.14071557,-38060719.46858444,-18120854.026004687,117745.93279091617,1321.4533483846544,-2777.087042110956,-3.23667526295866
2022-11-04 14:00:00.000000Z,0.0003390226545973,42165725.65428347,0.1710803236810116,94.78271388932978,72.38609812306534,68.38314821928842,0.0358241460765551,-17.954129166488997,35782318.17487796,-23848306.560737517,-34767167.201157495,79616.84308388423,2535.1974965280647,-1740.1932229139327,-7.110313640912021
2022-11-04 16:00:00.000000Z,0.0003158216761756,42164692.655106924,0.1711772609067243,94.7683649207459,68.37293976014975,102.49335224782465,0.0160417770775386,-17.953569609535165,35789432.36251663,-3209593.53856116,-42045237.723219074,19997.921868273617,3065.42646099361,-234.9595722688632,-9.068265432303363
2022-11-04 18:00:00.000000Z,0.0002898134874046,42164678.67561454,0.1390781943003345,94.583201478432,65.76132181785412,135.36314484868885,0.002982095523539,-17.96269513884175,35795235.28782113,18293907.123450316,-37999012.23886089,-36893.79027403791,2770.002338234912,1332.87723924754,-6.960869680399201
2022-11-04 20:00:00.000000Z,0.0002541401596013,42165870.21744062,0.1391435382229665,94.60194842071868,64.62934341773237,166.54329075856575,-0.0053553301162127,-17.977915872009763,35798154.913187206,34872575.070412606,-23722072.854015995,-79793.4700201963,1729.0257227791951,2541.442480094164,-4.6806246289840105
2022-11-04 22:00:00.000000Z,0.0002248890420788,42167092.66042905,0.139157021177236,94.61156596382833,63.59670854311077,197.63178242890837,-0.0122795891613894,-17.994575983530073,35797992.90183361,42064891.652964376,-3059505.629573202,-101237.05195346104,222.77292138852488,3065.8113651812573,-1.1379761372395842
2022-11-05 00:00:00.000000Z,0.0002232497972843,42167027.86819036,0.1391653029823348,94.59306893043085,65.05013611328322,226.2646115741154,-0.0158954890702225,-18.008949539519833,35795397.790153176,37934902.24882426,18426641.620379467,-95428.10935001976,-1343.5843367370246,2764.9142355199456,2.7151668009732486
2022-11-05 02:00:00.000000Z,0.0002428388549167,42165807.011012726,0.1392313926976639,94.55758908777732,70.6004528208605,250.8223054169241,-0.015192718835758,-18.01855162303684,35791031.45813384,23592612.3210418,34951728.55692186,-63898.953664484354,-2548.553631153818,1719.447819928744,5.841516635697044
2022-11-05 04:00:00.000000Z,0.0002678176579563,42164707.59747894,0.1393493058115233,94.53630283496145,75.91697697495617,275.6063090673199,-0.0103356978977145,-18.021443646553333,35785464.414948255,2897419.9893612065,42063927.69499551,-15116.069037966032,-3067.4999292127955,210.47473823656568,7.396637231152005
2022-11-05 06:00:00.000000Z,0.0002951546063666,42164681.96741581,0.1394415544979188,94.53954533195382,78.02631466231368,303.5810227879846,-0.0026343190883282,-18.01628453411596,35779658.83887552,-18577792.01331846,37843678.024689525,37781.76838012516,-2760.1141318592136,-1355.8133010746533,6.957429006090233
2022-11-05 08:00:00.000000Z,0.0003273967471026,42165647.03408588,0.1394555416105571,94.5417736531514,78.31061507616087,333.3895314161276,0.0058070201316986,-18.003382337141115,35775166.551400065,-35045790.365899034,23424070.842072885,80517.6565583342,-1708.6399077870096,-2557.1992265075446,4.638570843547209
2022-11-05 10:00:00.000000Z,0.0003545978055765,42166730.35504165,0.1394290563696621,94.51238838283652,78.89377264667307,2.935650266758389,0.0126670489944124,-17.985625477197544,35773660.73417783,-42065787.95365407,2689465.863980169,101534.9193912962,-196.29377735202,-3069.3852521833937,1.0638490447345
2022-11-05 12:00:00.000000Z,0.000360492266259,42166982.476011686,0.1394495406930629,94.45146817511592,79.18811483314738,32.801769756153,0.0160511493217446,-17.968217068542184,35776066.779767394,-37744363.03063534,-18770479.622689165,95133.12178336347,1368.917610840182,-2754.0319482865243,-2.80145620546447
2022-11-05 14:00:00.000000Z,0.0003447247250919,42166127.77347353,0.1395593109452368,94.3919989167159,77.06993536801238,65.07283321314848,0.0150198542954539,-17.956935062759566,35781860.35091845,-23248247.730814323,-35170731.89779658,63021.63018623384,2564.720813963964,-1696.4719357275474,-5.912291439300684
2022-11-05 16:00:00.000000Z,0.000323493206811,42164881.6320057,0.1397063696794856,94.3656693766876,72.4081526891172,99.84437512160204,0.0098518285567145,-17.955639017863835,35789072.42473128,-2487398.5313965725,-42093778.72140406,13860.57160088068,3069.043578327438,-182.33954338963164,-7.42781787815368
2022-11-05 18:00:00.000000Z,0.000301285569969,42164453.767717935,0.1397918601625337,94.36836665465152,68.21543310421409,134.10772289495137,0.0019679069743537,-17.964448423234458,35795156.58069363,18943639.781568546,-37679220.74303334,-39082.79918346604,2746.7228987102803,1380.207654429155,-6.938572826561868
2022-11-05 20:00:00.000000Z,0.0002676759376803,42165418.83396338,0.1397721202523641,94.35929569769662,65.75994465786957,166.63901617446638,-0.0064589920672372,-17.97984966365194,35798262.849876724,35274772.19164383,-23119959.04366004,-81516.38444215838,1685.1344208602052,2570.726203973368,-4.575655896091116
2022-11-05 22:00:00.000000Z,0.0002323757266528,42166907.676271744,0.1397176712285567,94.29988696652669,63.397763099264445,199.1258216388521,-0.0130989597274588,-17.996768592970938,35798028.13108952,42111239.5003358,-2337095.2519378043,-101973.52416854446,170.096700008621,3069.175345464638,-0.9747684598512104
2022-11-06 00:00:00.000000Z,0.0002202038977723,42167345.0260095,0.1397533650229081,94.19905804356412,63.30121396122366,229.39107024197185,-0.0161075704961129,-18.01103091589952,35795250.65566757,37612890.27742721,19075012.564642485,-94904.42557752028,-1390.8718377700975,2741.4560320927103,2.8938304702087665
2022-11-06 02:00:00.000000Z,0.0002315675544831,42166294.2370378,0.1399177171474603,94.11155659406764,69.1204859141741,253.73222938304477,-0.0146434047605568,-18.02023397767985,35790890.409182824,22988871.43409434,35351588.30609835,-62184.73877201801,-2577.7154506575766,1675.4641849656757,5.985299554897448
2022-11-06 04:00:00.000000Z,0.000252205692971,42164910.15622328,0.1401095787452101,94.077812756579,76.6347083358469,276.33115399679855,-0.0091093209830122,-18.022964548854212,35785597.820329584,2174567.0673663523,42107619.6500873,-12626.429446191753,-3070.657333564305,157.80869473986434,7.462467358392211
2022-11-06 06:00:00.000000Z,0.000277361157217,42164496.60023563,0.1401980009359346,94.08037855272934,80.808074833184,302.24208041618084,-0.0010420445750817,-18.018240815634424,35780118.135678224,-19224926.62408699,37519582.10095263,40390.0072640041,-2736.412001976684,-1402.9476057926297,6.923084375745203
2022-11-06 08:00:00.000000Z,0.0003098927709985,42165310.26410494,0.1401583033747702,94.06435769753426,82.01192442290785,331.14842002009937,0.0073156828870256,-18.00620755244875,35775727.53518416,-35442871.7356104,22819823.129958183,82526.79466757498,-1664.491481764757,-2586.0897743889755,4.5098662049150136
2022-11-06 10:00:00.000000Z,0.0003419430147986,42166556.807075255,0.1400936455556553,93.99245587498028,82.9476858370002,0.3836739725645547,0.0136372720501599,-17.989227958725802,35774001.57177734,-42106041.29623201,1968144.5842092608,102368.5894966808,-143.61070969583062,-3072.2697757465685,0.8733148990584432
2022-11-06 12:00:00.000000Z,0.0003551939309419,42167133.02652012,0.1401370328320297,93.88044062742168,83.70056955652628,29.842136488410564,0.0161584422587206,-17.972029737795435,35776003.22335557,-37417138.80600517,-19414436.05244988,94520.71092215931,1415.9611453936295,-2730.1543039056514,-3.0033970578600773
2022-11-06 14:00:00.000000Z,0.0003445523692084,42166509.49982757,0.1403256116819847,93.78374871222104,82.08245412625541,61.650808432467066,0.0141698714091357,-17.96029787098894,35781469.82037007,-22641707.615693312,-35563770.7875391,61079.90703986112,2593.4768082849005,-1652.2550528637803,-6.070925288203112
2022-11-06 16:00:00.000000Z,0.000325491689896,42165200.30580956,0.140558415266708,93.74515648890691,77.2814510261174,96.57459999305192,0.008217705225459,-17.95823553922768,35788630.299394414,-1764859.510115689,-42129816.19686208,11071.244306188237,3071.763156712071,-129.67621048744155,-7.498814152192445
2022-11-06 18:00:00.000000Z,0.0003071767430503,42164417.57313326,0.1406812205127721,93.7500300858062,72.05178874751383,131.8732726308712,-4.445047104800909e-05,-17.966486660007735,35794923.58827472,19587525.52608538,-37348281.348439984,-41993.63062111264,2722.65754977942,1427.1273840851634,-6.899959734658386
2022-11-06 20:00:00.000000Z,0.0002787256508662,42165025.23014602,0.1406364552751679,93.73050085531229,68.39855062474581,165.61283695371088,-0.0083088625972458,-17.981824693399645,35798271.93135871,35666473.26261369,-22511000.392441902,-83765.42308799765,1640.766380614103,2599.251022618864,-4.433958026275545
2022-11-06 22:00:00.000000Z,0.0002427161166242,42166553.07695551,0.1405477727503294,93.6261192323781,64.77423508365905,199.40653265710836,-0.0142488359505167,-17.99895984767096,35798068.83049413,42145186.75915791,-1613994.2515521052,-102925.87916827676,117.3811961280585,3071.627333508548,-0.7639036552904199
2022-11-07 00:00:00.000000Z,0.0002234497170451,42167441.4455512,0.1406204120265024,93.45638866129266,62.5431655972721,231.8752035631614,-0.0161709216411349,-18.01322150091454,35795120.25143781,37279850.25322738,19717695.34409745,-94246.84057389756,-1437.7477459009224,2717.179745152928,3.120185822716507
2022-11-07 02:00:00.000000Z,0.0002266113370073,42166747.26422684,0.1409052419689712,93.31460499601404,67.00771722779076,257.625760192344,-0.013508284783446,-18.022029670425532,35790655.89871818,22378377.206521627,35740897.094456986,-60024.33736009706,-2606.129645451483,1630.9782168228955,6.166532037554984
2022-11-07 04:00:00.000000Z,0.0002404347119736,42165259.66195475,0.141220628819981,93.26406297568222,75.73702729520774,279.02680060434574,-0.0069985464620486,-18.024355353023395,35785529.66989829,1450966.6560589653,42138692.34844261,-9484.185174317516,-3072.931094736253,105.0817815029614,7.547033922528362
2022-11-07 06:00:00.000000Z,0.0002608748270221,42164470.333281286,0.1413621845909297,93.2700379790018,82.14215603855607,302.7024761620032,0.0015239729090444,-18.019711314082965,35780388.447788306,-19866633.92851296,37184085.49830759,43702.80938595473,-2711.9154877824126,-1449.6897669185998,6.884077430556158
2022-11-07 08:00:00.000000Z,0.0002910410650372,42165014.91671861,0.141310746061709,93.2477598021225,84.81118507741758,330.14924693561017,0.0096534796408109,-18.008324637750604,35776233.43774842,-35829762.19753104,22208373.236754324,85123.42372084847,-1619.845112744313,-2614.2307143800726,4.353956847208167
2022-11-07 10:00:00.000000Z,0.0003251595036208,42166293.62726663,0.1412285622294992,93.14761576058856,86.45300230366648,358.70585929806055,0.0150916110337943,-17.992172650296826,35774449.35265356,-42134047.01438556,1245752.6065214346,103531.28062062783,-90.87007263843032,-3074.2395302400723,0.6397306553576625
2022-11-07 12:00:00.000000Z,0.0003443604265753,42167143.2098365,0.1413001179437034,92.99578376840762,87.8501916227327,27.559350997113164,0.0162904784679131,-17.975456137892426,35776132.0796887,-37078962.97372926,-20053031.907226674,93902.17253517204,1462.5943412058523,-2705.4480575089274,-3.2533599709441723
2022-11-07 14:00:00.000000Z,0.0003391960929539,42166815.04453611,0.1415704290167125,92.8673657431484,86.97571251521104,58.65625863334275,0.0128868474042388,-17.963578535825242,35781234.59184582,-22028554.61270688,-35946514.94376703,58804.76925363625,2621.4674213640747,-1607.5287901616705,-6.270513333537882
2022-11-07 16:00:00.000000Z,0.0003225993840317,42165581.87960738,0.1419043434369474,92.81804015328696,82.46732713425891,93.29878850990082,0.0058081572252738,-17.960893984156282,35788223.23884515,-1041863.3800854472,-42153486.17878762,7710.095717731778,3073.5791595379887,-76.95833800867666,-7.593766566140499
2022-11-07 18:00:00.000000Z,0.0003076251744853,42164555.42605954,0.1421014014033304,92.82958472183866,76.59088628453158,129.23820537955086,-0.0029789216782334,-17.968508776596906,35794620.70819353,20225607.877126902,-37006272.4689532,-45570.42279535427,2697.7961553874843,1473.641673208406,-6.86318401938168
2022-11-07 20:00:00.000000Z,0.0002856631075217,42164765.32863736,0.142080886610533,92.81622802681784,71.93412676687869,163.97536008800182,-0.0110059181054708,-17.98360515661876,35798204.95650922,36047670.962021805,-21895244.61737668,-86614.8085880286,1595.917905134568,2627.0210091974413,-4.272824649685592
2022-11-07 22:00:00.000000Z,0.0002533676679802,42166131.19782957,0.1419915283260337,92.69705281780892,67.33442950311093,198.75908698622123,-0.0159807499577929,-18.000884014858862,35798109.93525452,42166721.960631445,-890219.2866129768,-104279.0494647824,64.62860873862485,3073.1715342277694,-0.5183586739393204
2022-11-08 00:00:00.000000Z,0.0002313959457061,42167323.40656273,0.1421021214018713,92.48741542059076,63.16631589144462,233.2046125365416,-0.0164333571597007,-18.01524170475786,35795029.21282033,36935803.29002652,20354694.83451697,-93711.15377633736,-1484.2052989657016,2692.086845090339,3.3878183012133216
2022-11-08 02:00:00.000000Z,0.0002289591608537,42167078.15147864,0.1425027563900256,92.30450034158774,65.19600881596585,261.4314770035151,-0.0121599014566087,-18.02373234613702,35790377.441153474,21761210.54085345,36119662.20134834,-57691.852883410174,-2633.787130245291,1585.989683825945,6.386705935053904
2022-11-08 04:00:00.000000Z,0.0002355825736532,42165686.25833863,0.1429656270778952,92.2393775275371,73.5900926683891,283.18288454554835,-0.0043198904976744,-18.02549842051041,35785281.6056094,726755.366212345,42157154.316498496,-5922.350839094071,-3074.3158819415094,52.29446426479886,7.660156042314445
2022-11-08 06:00:00.000000Z,0.0002490106382935,42164604.877919465,0.14320573866154,92.2544130189314,81.72545722655272,305.1195422311858,0.0048782676612267,-18.020576280531824,35780425.969217904,-20502763.60483805,36837193.86695669,47583.49348067108,-2686.625874315917,-1496.0418289699774,6.856889985479111
2022-11-08 08:00:00.000000Z,0.0002740472351954,42164811.095704585,0.1431833358279139,92.23990526821076,86.19303908096364,330.75967879991293,0.0128142720959981,-18.009500394138346,35776590.565581664,-36206330.813368335,21589693.552697085,88302.72947242112,-1574.7036751237997,-2641.6290883729107,4.190229875493998
2022-11-08 10:00:00.000000Z,0.0003071050159204,42165992.233785845,0.1431042686102154,92.13025270153076,88.91137520806257,358.2485614706527,0.017208354225667,-17.994067253592892,35774911.89392558,-42149682.970853366,522205.9346326408,105153.7439980735,-38.07109069334061,-3075.301907979982,0.3805361493291831
2022-11-08 12:00:00.000000Z,0.0003300225213847,42167028.72911329,0.1432044219203175,91.95572090328687,91.1500226564038,26.282652986482866,0.0167680892754728,-17.977992371671395,35776413.39737189,-36729699.84061119,-20686384.990800794,93513.00198039936,1508.819150691235,-2679.914616193515,-3.540347524300164
2022-11-08 14:00:00.000000Z,0.0003299066138607,42167008.724297166,0.1435471016460836,91.80666684016764,91.19449839215908,56.481085544811975,0.0115555815813585,-17.966271352510038,35781186.61473275,-21408655.411221348,-36319070.0763319,56478.78089206563,2648.689184215064,-1562.289263914016,-6.5092596845202575
2022-11-08 16:00:00.000000Z,0.0003160614001954,42165960.83334479,0.1439788463232295,91.75123671071783,87.33085788658725,90.48534908006442,0.0029776910801044,-17.96321339635674,35787932.512669265,-318325.9977315067,-42164867.72657327,4037.5917890109,3074.482064888085,-24.18346505954752,-7.720431687264035
2022-11-08 18:00:00.000000Z,0.0003037282223972,42164822.85331007,0.1442647008324862,91.77332656194764,81.21990330798751,126.64930615803748,-0.0065959177545559,-17.9702567650849,35794327.83554743,20857900.442016277,-36653271.553844325,-49637.00966904672,2672.130048416358,1519.7487908384935,-6.843347271473052
2022-11-08 20:00:00.000000Z,0.0002882042498729,42164670.87085899,0.1442986447548164,91.77886343479604,75.80435283902126,162.12668861172452,-0.0144788105712398,-17.98502258837079,35798099.09148754,36418339.31982905,-21272784.25020462,-90011.99950336378,1550.5871511211762,2654.034750173471,-4.110749114760383
2022-11-08 22:00:00.000000Z,0.0002624417580197,42165740.70454714,0.1442312193721699,91.672262623059,70.54390679347085,197.558519808724,-0.0184027518918787,-18.002371069084777,35798153.918679126,42175831.310071714,-165858.1432354818,-106112.45055479372,11.8438114824624,3073.810795698843,-0.2556075961772873
2022-11-09 00:00:00.000000Z,0.0002417362247407,42167046.8658543,0.1443697654908986,91.45644643223606,65.065366182077,233.32048014302205,-0.0171541220759385,-18.016899575130957,35794997.1349994,36580790.344273135,20985954.35940652,-93488.07755701238,-1530.234340826766,2666.182684030866,3.683782944503462
2022-11-09 02:00:00.000000Z,0.0002372082910953,42167237.36159159,0.144856034300976,91.25459531070112,64.51474343679554,264.1467775267904,-0.0109514320855828,-18.02520935837018,35790118.06500872,21137500.06019178,36487871.299514815,-55447.2484242999,-2660.6743981309824,1540.505874641183,6.63988242652837
2022-11-09 04:00:00.000000Z,0.0002388352849354,42166110.14205406,0.1454578282965793,91.18199393628488,71.18665198942537,287.6284272065445,-0.0014434455777034,-18.026387796114232,35784921.10217405,2151.0265424253885,42163057.9891878,-2213.511778984717,-3074.801948088672,-0.5425607035918816,7.804439307085693
2022-11-09 06:00:00.000000Z,0.0002445165867963,42164873.49946671,0.1458206156835907,91.21153232516816,79.88258050033654,308.9905686459736,0.0087192758953397,-18.020915406553584,35780247.996103674,-21133064.58713592,36479039.493101306,51809.793986032826,-2660.5442608754342,-1541.993543771673,6.852696093628478
2022-11-09 08:00:00.000000Z,0.0002619855538199,42164730.23913668,0.1458588570906555,91.2181006656925,85.9784154609775,332.98142504408605,0.0166393363427209,-18.00979023441143,35776751.72189243,-36572370.71337131,20963966.443730853,91947.55762117032,-1529.0772544534398,-2668.2821248270607,4.036128329802696
2022-11-09 10:00:00.000000Z,0.0002907637400742,42165704.22876474,0.1457983977072015,91.11849000151771,89.99820872467635,359.15831108027453,0.0200131594288733,-17.994854126890015,35775308.29561128,-42152823.283989824,-202325.78725725785,107254.53488982272,14.775079937918775,-3075.462672411655,0.1151743356465506
2022-11-09 12:00:00.000000Z,0.000314541348042,42166820.26263593,0.1459208706782764,90.94041530666568,93.24091120105908,26.191215018644147,0.0177965935335662,-17.979454480445945,35776781.02969232,-36369292.86944848,-21314382.634788148,93503.96102769344,1554.6275564495752,-2653.5630402766437,-3.8478819891642826
2022-11-09 14:00:00.000000Z,0.0003182592852416,42167078.59132844,0.1463162921776092,90.78371634940092,94.32964095155818,55.35264520562635,0.0105101001744163,-17.968127154646826,35781309.07509957,-20782004.36780585,-36681388.11591781,54347.44354452833,2675.13549563196,-1516.545214029635,-6.777899760352454
2022-11-09 16:00:00.000000Z,0.000307173557985,42166284.18008572,0.1468274143151476,90.7276183253836,91.37864935321682,88.4450266997228,0.0001054140558331,-17.964970960212845,35787791.72804032,405710.6017972655,-42163976.8557851,332.53219166124427,3074.465442676676,28.638960659811417,-7.879006138397627
2022-11-09 18:00:00.000000Z,0.0002968502693292,42165161.45715863,0.1471975405047057,90.7622091214708,85.4421229377508,124.42247382096656,-0.0105646869775517,-17.97159553316215,35794097.524449065,21484325.034971785,-36289368.02855809,-53950.00950843492,2645.656410935861,1565.4381493381109,-6.849821052314466
2022-11-09 20:00:00.000000Z,0.0002868258570571,42164734.36427009,0.1472963876363467,90.79335898484844,79.56173102074133,160.33942681120632,-0.0185231036658829,-17.986018977354306,35797985.860980906,36778404.77523262,-20643775.86415607,-93806.48253802252,1504.7784285337852,2680.2852495822685,-3.963540472124951
2022-11-09 22:00:00.000000Z,0.0002687652727446,42165450.82739294,0.1472598538744738,90.71800393211082,73.92703930248831,196.11425244866436,-0.0214796978118305,-18.00337236977492,35798200.94798832,42172495.18003167,558911.5680362717,-108400.18173572748,-40.96303778122655,3073.546666957851,0.0062829959380498
2022-11-10 00:00:00.000000Z,0.0002522108773752,42166691.55738372,0.1474082905917185,90.52412301680512,67.82304157131865,232.47952078925127,-0.0184683411477928,-18.018114558135657,35795030.00321477,36214877.17809606,21611337.544658743,-93677.1070353946,-1575.821559916099,2639.4766344084687,3.991931284317608
2022-11-10 02:00:00.000000Z,0.0002485323060231,42167219.10872604,0.1479336151079571,90.32619805149034,65.23668141444796,265.33764887774646,-0.0101530706101749,-18.026405445109813,35789931.36730963,20507414.75514892,36845475.5526636,-53489.550258956544,-2686.776502671312,1494.541571386465,6.9149992754265766
2022-11-10 04:00:00.000000Z,0.0002486400973591,42166460.90258423,0.1486373540792664,90.25440958567052,69.55662546869831,291.1709448069292,0.0012868839464353,-18.027090063107103,35784535.22264202,-722579.6603564126,42156479.99606247,1388.9084436123976,-3074.3785916427505,-53.40936677673358,7.976141929074191
2022-11-10 06:00:00.000000Z,0.0002482115229352,42165228.52141603,0.1491217244717535,90.30148694472626,77.52105135356136,313.24773440552843,0.0127077197771617,-18.02093361082918,35779919.3922273,-21757235.88538816,36109849.82731147,56131.61630895516,-2633.672932057972,-1587.5243006758683,6.876230351077766
2022-11-10 08:00:00.000000Z,0.0002569517575759,42164782.12296582,0.1492381218809558,90.33861475420116,84.49949011298806,336.32577803944696,0.0208749850506655,-18.009457643248524,35776722.14191314,-36927650.907993935,20331540.92108332,95870.889769136,-1482.9821917444108,-2694.178263900917,3.9041329184207303
2022-11-10 10:00:00.000000Z,0.0002786443483234,42165473.87477087,0.149204398018786,90.26558338712374,89.6994933025291,1.2956432811045755,0.0234009268361825,-17.994752483129115,35775590.70955779,-42143380.56360627,-927463.0795046724,109756.17894755887,67.64673682662504,-3074.7251128613325,-0.1390434681374605
2022-11-10 12:00:00.000000Z,0.0003001868246914,42166557.87956677,0.1493371647518935,90.10129010331674,93.9742783548178,27.2820757010765,0.0194461483807966,-17.97996018983166,35777170.288963,-35997800.26466438,-21936715.48560643,93926.71959403556,1600.001957697592,-2626.408470326068,-4.15818650687498
2022-11-10 14:00:00.000000Z,0.0003058322561174,42167030.61185701,0.149758804163171,89.94886695444895,96.15272510983203,55.34897262189051,0.0099777823870869,-17.969173928101505,35781558.5584458,-20148759.503675766,-37033291.17861147,52578.22280439184,2700.796294859331,-1470.3170015047672,-7.062741728217549
2022-11-10 16:00:00.000000Z,0.0002970725223383,42166518.07504461,0.1503215346774001,89.89643466232148,94.30080668158146,87.3384690916581,-0.0024822611558965,-17.966164794508263,35787795.683519445,1130042.603454454,-42150787.33270462,-3164.680837949458,3073.5265461161475,81.48767919492246,-8.06334070473238
2022-11-10 18:00:00.000000Z,0.0002881649501822,42165515.01773896,0.1507581761187685,89.94294575983423,88.91017918153099,122.7583324958468,-0.0145420307304623,-17.972554316462674,35793950.205737375,22104684.978415944,-35914682.89350798,-58256.64082164341,2618.380142729748,1610.6907481812682,-6.885343592081754
2022-11-10 20:00:00.000000Z,0.0002822732413537,42164922.48604965,0.1509175008704053,90.00030027111178,82.89036425477016,158.78881078271343,-0.0228623676422569,-17.98667047726087,35797880.75403209,37127734.579673775,-20008454.075343497,-97794.67347602936,1458.5043417261093,2705.760975473652,-3.841757302473405
2022-11-10 22:00:00.000000Z,0.0002717302250207,42165294.49983912,0.150910364584511,89.96426933030087,77.1308903950325,194.6491476329283,-0.0250643604877914,-18.003970039155377,35798242.43332095,42156689.51619741,1283815.511064451,-111033.90323780556,-93.77521620900428,3072.3801181636463,0.2520399533216903
2022-11-11 00:00:00.000000Z,0.0002610004862662,42166334.83542638,0.1510490326997661,89.80943917919348,70.95603530579062,231.0460076084428,-0.0203849664614771,-18.01892705013415,35795115.1747127,35838160.27472352,22230622.51089277,-94285.02329818338,-1620.9507396357828,2611.9817234254106,4.296205655947113
2022-11-11 02:00:00.000000Z,0.0002593271702515,42166719.30285247,0.1515639677283745,89.63270597845366,69.40574954055177,262.8465418442652,-0.0099201418702106,-18.027546272316226,35789941.214557074,19871336.496616684,37192393.16007074,-51933.8043811985,-2712.054794055365,1448.1232043621285,7.198598060804357
2022-11-11 04:00:00.000000Z,0.0002613270805457,42166355.60715426,0.1523155391356446,89.56818573262335,71.46041429373449,290.93791112018454,0.0036082981108425,-18.02816958531257,35784278.31390632,-1446812.0602522085,42137583.91220506,4690.349388487943,-3073.0200958457835,-106.2652340135383,8.166998356347133
2022-11-11 06:00:00.000000Z,0.0002592874039577,42165278.41745361,0.1528978818193329,89.6320569057757,77.88327390935399,314.5400001024074,0.016533402031424,-18.02148667941462,35779471.54840778,-22374563.635009635,35730088.470241494,60319.339121576566,-2606.01390427965,-1632.5959163929797,6.926229629013645
2022-11-11 08:00:00.000000Z,0.0002613658747977,42164622.00839395,0.1530951006521202,89.70336984451903,84.71595144945594,337.7302611499774,0.0252357992200213,-18.00936899731855,35776286.216767974,-37271552.85482199,19693064.055054408,99861.420506464,-1436.4385352042702,-2719.3082756680187,3.800523554813528
2022-11-11 10:00:00.000000Z,0.0002752725198348,42164997.93454807,0.1530895793893124,89.66778782406094,90.4199601465054,2.1591017337654685,0.0271796781330354,-17.99423285499327,35775262.30972166,-42120841.17687293,-1652619.6245756322,112516.17369804672,120.5412879407503,-3073.1125770780536,-0.3696811242468619
2022-11-11 12:00:00.000000Z,0.0002925893152839,42165947.78383741,0.1532179041742933,89.5302248739964,95.33952081607536,27.47426166523344,0.021664945022043,-17.97920681768046,35776864.13690653,-35614575.02758579,-22552986.28226404,94741.5008007907,1644.9832985978198,-2598.471794952496,-4.455778980991179
2022-11-11 14:00:00.000000Z,0.0002984002430482,42166551.39853159,0.1536373161241882,89.39112898549956,98.45360883501498,54.59250371293142,0.0100585212199621,-17.968107549899106,35781121.75288817,-19507859.976508208,-37374374.53557311,51242.06485010914,2725.738611501497,-1423.5751083010557,-7.349175133515813
2022-11-11 16:00:00.000000Z,0.000290910119619,42166311.13362642,0.1542199186735636,89.3449402303029,97.83542170914195,85.3426609585482,-0.0045606205996658,-17.96446384846821,35787174.58440407,1856143.4090033465,-42124437.0057779,-6292.054308471334,3071.702370735568,134.4583627967164,-8.263275356097441
2022-11-11 18:00:00.000000Z,0.0002820307164757,42165503.11788503,0.154698518816432,89.40064329950962,93.4150212278245,119.78402425437764,-0.0182360995349785,-17.96993499525304,35793270.713721395,22720445.29842219,-35527526.044872835,-62345.384635087285,2590.2561313621486,1655.6308474667526,-6.946561115802456
2022-11-11 20:00:00.000000Z,0.0002777711648272,42164856.80402194,0.1549049440889282,89.47995178182902,87.67335672719784,155.51526391830038,-0.0272100048061453,-17.98318493302201,35797378.17487757,37467136.02826574,-19364334.253597435,-101767.45542402258,1411.630989792637,2730.5469299366364,-3.749334294702285
2022-11-11 22:00:00.000000Z,0.0002726645799303,42164938.56111355,0.1549205323929102,89.48239829939295,82.08361106916364,191.167806086826,-0.0289427435787778,-18.000072673733452,35798080.630765095,42128062.9186928,2011637.3519961247,-113855.44044844212,-146.76991157862773,3070.303654142815,0.4718276475496146
2022-11-12 00:00:00.000000Z,0.0002673005353841,42165699.43981491,0.15503411944548,89.37255790727173,76.28529565305722,227.1429665096847,-0.0228076640745529,-18.01519953886071,35795226.976648614,35449065.479330644,22846166.31442116,-95237.58591762464,-1665.7728342664486,2583.589668709336,4.583636535799988
2022-11-12 02:00:00.000000Z,0.0002692722230744,42166457.964553855,0.1554980703888435,89.22647471475162,71.91959755617368,261.7280383640441,-0.0102881908571327,-18.02404412652376,35789951.52993186,19226349.066729154,37529889.57033473,-50799.7336667097,-2736.6518623025013,1401.0607750906966,7.477820055532304
2022-11-12 04:00:00.000000Z,0.00027430027733,42166444.509258665,0.1562403385302473,89.17268697940902,72.16491342008753,291.6181439939565,0.0053673280505916,-18.02454854011652,35784043.53540482,-2174065.3466736,42106090.41230592,7585.73670106837,-3070.7455071379736,-159.338505270288,8.366515637288382
2022-11-12 06:00:00.000000Z,0.0002727075977792,42165639.41989668,0.1568817239352018,89.24913237146471,76.7686067523763,317.02738213821834,0.0199607495812558,-18.01730908500993,35779087.462883025,-22988218.415368665,35337929.56247705,64206.856111963774,-2577.455566494074,-1677.3946879431476,6.99656083288468
2022-11-12 08:00:00.000000Z,0.0002693149625094,42164895.77534884,0.1571491451349971,89.35197439645901,82.80574821864806,340.9822695727488,0.0294571662760399,-18.004571576211184,35776022.63487733,-37606136.18809176,19045758.983307797,103729.4552965574,-1389.2646884332848,-2743.741421120843,3.725086735130806
2022-11-12 10:00:00.000000Z,0.0002743016190944,42164965.11296955,0.1571686901756736,89.35800243580728,88.55777224624622,5.321692401598433,0.0311177229586243,-17.989226877512156,35775312.02687569,-42086015.904505394,-2380592.4030584963,115366.49111459251,173.60648987015318,-3070.567056435927,-0.5705698822242444
2022-11-12 12:00:00.000000Z,0.0002846191246268,42165698.027306415,0.1572787917306611,89.25475917415743,93.89508036603075,30.18444450614154,0.0243104363745609,-17.97454110828745,35777186.225602016,-35219742.82224201,-23165314.70389925,95844.33062654766,1689.606993583572,-2569.640233957051,-4.729390935656396
2022-11-12 14:00:00.000000Z,0.0002879915182361,42166338.92665544,0.1576699528754704,89.13479021558027,97.77802012247972,56.51408844107627,0.0107338733899049,-17.964061897891394,35781499.512047455,-18859591.272615302,-37706076.898219496,50326.33805252654,2749.891839120737,-1376.25970180152,-7.623661829734692
2022-11-12 16:00:00.000000Z,0.0002807888067591,42166334.09599386,0.1582418119893394,89.0958367993355,98.27837861912276,86.13798178391384,-0.0060205583379732,-17.960902272081594,35787396.32779879,2583091.30094502,-42086336.97192301,-8967.417759990125,3068.9056795681013,187.49601120229363,-8.466623189028768
2022-11-12 18:00:00.000000Z,0.0002720913943353,42165765.50674686,0.1587357442437661,89.15679567593271,94.90893976684224,119.52302209916228,-0.0214394527719634,-17.966479564048843,35793279.704510935,23330321.426860604,-35130045.895948485,-66061.19558948788,2561.2847257574663,1700.1219280440982,-7.025875063002808
2022-11-12 20:00:00.000000Z,0.0002690653659174,42165165.010666616,0.1589719881569713,89.25100097246364,89.64661537000624,154.76021167454857,-0.0313136284237327,-17.979542203128634,35797289.53568598,37795786.769465074,-18714538.925734367,-105537.6900060656,1364.2846741947733,2754.528130074197,-3.6851033175539794
2022-11-12 22:00:00.000000Z,0.0002688748568246,42165036.20478438,0.1590024172725365,89.28517576705357,84.30755454521923,190.13051386101745,-0.0328796003492241,-17.996255823511316,35798059.485862434,42087015.6463205,2738803.792839324,-116692.7261819569,-199.74894135677303,3067.3176312574847,0.6604802582099164
2022-11-13 00:00:00.000000Z,0.0002698466127717,42165490.36935547,0.1590831659984998,89.21778515781737,79.02901359363736,225.5433712037523,-0.0255718773088919,-18.01146107815519,35795320.75964659,35049379.1635682,23454898.484950323,-96417.60975844652,-1710.1171133700286,2554.435907005651,4.844577719635207
2022-11-13 02:00:00.000000Z,0.0002760265850123,42166153.56984174,0.1594702021541552,89.10504432577602,74.72115384327068,260.0370162060351,-0.0111960486374057,-18.020552414877727,35790027.13596128,18575666.17077245,37856256.918768674,-50049.38451668111,-2760.4213307618497,1353.5888023365178,7.740952835341135
2022-11-13 04:00:00.000000Z,0.0002848822208895,42166397.53509766,0.1601543674667958,89.06279010304043,73.73699475010478,291.14500873173444,0.0065135775873461,-18.021112518407364,35783924.31030232,-2900535.7400569348,42062170.72069088,10029.683663930024,-3067.5417483976066,-212.3533621635476,8.56362350208483
2022-11-13 06:00:00.000000Z,0.0002865150303692,42165931.94505935,0.1608089572384406,89.14538084289974,76.60972994617349,318.27943083686665,0.0228413056381746,-18.013502535457576,35778776.03627179,-23594817.285277728,34935445.230908394,67677.57797759853,-2548.1254490818533,-1721.6825931108776,7.078835217930057
2022-11-13 08:00:00.000000Z,0.0002809981718187,42165234.36141048,0.1611261821755493,89.27192024606123,81.43602520610006,343.4220474560967,0.0333252842578141,-18.000184261857882,35775741.2510906,-37929331.69878054,18393034.871226568,107313.13625582797,-1341.686451574158,-2767.3549381637204,3.673881929888808
2022-11-13 10:00:00.000000Z,0.0002783330113365,42165046.23148256,0.1611651250477402,89.31727527123533,86.61713855868034,8.293365674402066,0.0349842551035075,-17.984526846343186,35775295.97565713,-42038561.053215176,-3107625.994400366,118136.43341430146,226.605201413818,-3067.115340266394,-0.7401654403940414
2022-11-13 12:00:00.000000Z,0.0002806374922223,42165504.33507761,0.1612470097282695,89.25084038770784,91.80813902666542,33.265389983737634,0.0271891321693285,-17.970067570172713,35777472.12482632,-34814433.07434338,-23770595.333792493,97095.15627894687,1733.7127964852878,-2540.056816203077,-4.972234373168672
2022-11-13 14:00:00.000000Z,0.0002796714793296,42166087.869699165,0.161589433858885,89.15292671506518,96.05910226028791,59.20434146395145,0.0118941493024843,-17.96020256318842,35781910.861541264,-18205821.58029378,-38026506.81698924,49754.33583599799,2773.211988771139,-1328.5505164944648,-7.875758718858424
2022-11-13 16:00:00.000000Z,0.0002713083275334,42166260.90894639,0.1621239435588963,89.12119934191365,97.4997179995305,87.88015575514059,-0.0068617832057281,-17.957639869408446,35787697.64405622,3309064.72362686,-42035789.23631962,-11186.539215901934,3065.185456475782,240.4580752052989,-8.661805782597591
2022-11-13 18:00:00.000000Z,0.0002618982298734,42165948.758311056,0.1626075825234875,89.18320345742477,95.27429294923272,120.11988855469494,-0.0240429953954323,-17.963466338914063,35793351.19097803,23933014.14906156,-34722333.50865445,-69320.84564915168,2531.552648584193,1744.0880155128248,-7.113370180949997
2022-11-13 20:00:00.000000Z,0.0002587487140334,42165475.819188334,0.1628555495942472,89.28427394053625,90.74079501541684,154.62151417912784,-0.0349834686373674,-17.97640085958586,35797195.69028361,38113007.148693,-18059498.87908774,-108964.14707806984,1316.5459800035371,2777.6818794076357,-3.643200432194181
2022-11-13 22:00:00.000000Z,0.0002617103580563,42165226.31786847,0.1628935884995892,89.34029708805024,85.8283681111273,189.54358130848703,-0.0366517153164729,-17.992866174695337,35797971.5957218,42033377.337914966,3464833.799818757,-119381.11259638492,-252.65148199985987,3063.4271817771746,0.8185280649691137
2022-11-14 00:00:00.000000Z,0.0002682604783111,42165386.83568987,0.1629411607071075,89.30779830757562,81.23667542525963,224.2347600606259,-0.0284741706897373,-18.008009301447522,35795352.774208866,34639310.14741783,24056431.38988691,-97675.92167422488,-1753.938083891371,2524.5404933677205,5.0743376999017205
2022-11-14 02:00:00.000000Z,0.0002788145984123,42165852.681537725,0.1632416950437434,89.22616058825868,77.43866096090846,258.18727105389314,-0.0125050940983659,-18.01728672408676,35790119.24714323,17919602.20229712,38171288.07656165,-49581.51494633364,-2783.3556421653043,1305.7363572926763,7.979614351104282
2022-11-14 04:00:00.000000Z,0.0002915925714387,42166234.9959975,0.1638333183364085,89.19462785286763,75.80426369781308,289.9346166589183,0.0070930680302679,-18.01801156763309,35783902.75455147,-3625901.307654178,42005836.38749781,12055.319802504073,-3063.413667317061,-265.2792221495472,8.748115873850969
2022-11-14 06:00:00.000000Z,0.0002981426600811,42166123.87676177,0.16445602911962,89.27636873072068,77.21416000863373,318.5329023401961,0.0251199382799143,-18.01022747361435,35778564.94355907,-24194109.550808217,34522855.96987005,70690.44869356244,-2518.038314645609,-1765.4330411718167,7.16296927544069
2022-11-14 08:00:00.000000Z,0.0002939265704052,42165599.255499184,0.1647962512103429,89.41538770679338,80.71426931015577,344.9896931090425,0.0366946938996522,-17.996441090595766,35775491.3085501,-38241029.11607648,17735271.623365477,110505.32447695643,-1293.7278872373486,-2790.132297656837,3.639002806795241
2022-11-14 10:00:00.000000Z,0.0002860134177791,42165236.45917728,0.1648474788841349,89.49225899005134,84.93339726993413,10.791822445591569,0.0385745211471209,-17.980440640713173,35775252.81477841,-41978562.23273193,-3833278.272172052,120675.69109299225,279.5082479356996,-3062.757474867798,-0.8822411222457941
2022-11-14 12:00:00.000000Z,0.0002804518007986,42165390.99936353,0.1648965342105811,89.46049754321868,89.42712640157515,36.42629626366412,0.0300841962055483,-17.966129044670257,35777737.899075404,-34398933.26082168,-24368453.14567125,98335.22012906164,1777.275513656488,-2509.739760823351,-5.182775614076159
2022-11-14 14:00:00.000000Z,0.0002739114370278,42165827.5798116,0.1651774462637647,89.38512873271743,93.51003617681384,62.51014805678478,0.0133628304247792,-17.95687268346195,35782356.8472655,-17546977.855946507,-38335471.42507584,49397.24294513349,2795.686663315609,-1280.4785623871933,-8.09883072360247
2022-11-14 16:00:00.000000Z,0.000263031239461,42166106.34190668,0.1656537918849737,89.36014232645068,95.55353703272704,90.57563711742807,-0.0071768848659633,-17.955010249453622,35788077.85205388,4033607.4802180342,-41972842.60314275,-13016.47732946282,3060.5461824081112,293.31009314226225,-8.838666316163296
2022-11-14 18:00:00.000000Z,0.0002519042193355,42166043.80073273,0.1661041368659571,89.41935052272083,94.426787848982,121.71909722017244,-0.0260325504133938,-17.961230243738783,35793489.33773199,24528157.893984303,-34304669.32687883,-72113.10022746271,2501.0800057166066,1787.500712052779,-7.1979234976962125
2022-11-14 20:00:00.000000Z,0.0002473311254142,42165761.0353445,0.166346193857728,89.51931148360353,90.7958443795343,155.31933276422194,-0.0381027421275569,-17.97410956784765,35797099.81043835,38418617.033378944,-17399653.13741011,-111960.5347611093,1268.4450569689775,2799.9936076431645,-3.6143430258724183
2022-11-14 22:00:00.000000Z,0.000251633521638,42165481.057569,0.1663858335648602,89.58626145658273,86.46717975308053,189.6470262048105,-0.0400694953763652,-17.990258367798667,35797804.200140215,41967194.20434135,4189247.567693993,-121781.2362310566,-305.446558782236,3058.635834362191,0.9511292700698152
2022-11-15 00:00:00.000000Z,0.0002625720506385,42165390.17742603,0.1664059638181369,89.57846060647292,82.69292961653062,223.49629794234195,-0.0312989759454509,-18.005167261601542,35795283.2468959,34219098.697068594,24650372.957318146,-98854.48841226738,-1797.2143564502635,2493.9233991011392,5.272870076593407
2022-11-15 02:00:00.000000Z,0.0002773396687244,42165592.81701399,0.1666245219581733,89.52273972193788,79.75883134088144,256.558930026088,-0.0140246043074529,-18.014490871832667,35790171.00800745,17258496.499405645,38474771.89685813,-49256.625514129686,-2805.449002646093,1257.5321510107046,8.18885912748933
2022-11-15 04:00:00.000000Z,0.0002937801075791,42165986.73217463,0.1671058562077069,89.50033038226333,78.02784323596367,288.3935585958145,0.0072292941292569,-18.01540125037455,35783937.66611161,-4349833.551507787,41937087.39361241,13752.70268042404,-3058.3692708829226,-318.087357303105,8.911474585230277
2022-11-15 06:00:00.000000Z,0.0003059273950557,42166195.32642064,0.1676580430714598,89.57495255554957,78.32807572434994,318.10863807821147,0.0268259013276934,-18.00760662085729,35778453.80745516,-24785859.07148622,34100351.46780316,73266.45721717099,-2487.2111402379464,-1808.6227641038652,7.238599070091457
2022-11-15 08:00:00.000000Z,0.0003060052592288,42165949.90103176,0.167990945895134,89.71340987493473,80.56755181792572,345.82694231160167,0.0394917707230389,-17.99350135239231,35775302.43181758,-38541138.2673613,17072793.8598539,113251.72307142057,-1245.412184028371,-2812.0601229231484,3.6102665443181214
2022-11-15 10:00:00.000000Z,0.000295947509061,42165522.598655306,0.1680466787109233,89.80953928073163,83.66688224830521,12.72992663392079,0.0417253224545243,-17.97718429608951,35775213.38298625,-41906109.06727627,-4557178.371574955,122864.51252343022,332.2898066751459,-3057.494612762196,-1.0044023325434166
2022-11-15 12:00:00.000000Z,0.0002837145586761,42165376.83918298,0.1680645250010291,89.80614347111465,87.04711734369357,39.44942580264711,0.0327789066817502,-17.962974956365777,35778000.87123659,-33973507.70485293,-24958582.73911921,99405.79972437127,1820.2737524582408,-2478.705777845033,-5.363956186909466
2022-11-15 14:00:00.000000Z,0.0002712031857998,42165586.75278262,0.168280073974664,89.75171916456497,90.36896224127727,66.27278729408701,0.0149215175961589,-17.954329474845842,35782845.732357346,-16883440.520830773,-38632829.18272816,49095.35498284357,2817.3059265617185,-1232.0715068004083,-8.290170859803938
2022-11-15 16:00:00.000000Z,0.0002568062316057,42165887.82281986,0.1686843564295299,89.73280107401679,92.5124830090422,94.23138239347902,-0.0071316159173729,-17.953273756812585,35788547.02949453,4756320.429139834,-41897570.8778765,-14578.203773342431,3054.9927911541326,346.0213164295107,-8.989373765204078
2022-11-15 18:00:00.000000Z,0.0002429535900267,42166047.02697296,0.169081894090564,89.78604427089255,92.2659383735328,124.50004939441956,-0.0274792693672935,-17.96004806848782,35793710.83630414,25115441.52922854,-33877334.5705921,-74489.5878344578,2469.885845155991,1830.3344822528888,-7.268521758509943
2022-11-15 20:00:00.000000Z,0.0002356814678661,42165998.04238799,0.1693014563798094,89.87750854044037,89.59672259687929,157.14700593372737,-0.0406299845870459,-17.972975142619177,35797018.37424574,38712480.52255266,-16735425.670754408,-114496.05573494497,1220.0104081610425,2821.450247385009,-3.587148211191466
2022-11-15 22:00:00.000000Z,0.0002394955278693,42165774.05382295,0.1693377380568315,89.94435508258705,85.9769884718765,190.7662323921387,-0.0429896196118926,-17.988762801505864,35797557.73677642,41888545.21324312,4911586.505865991,-123787.84459191406,-358.1046884688182,3052.947380914411,1.067144409163002
2022-11-16 00:00:00.000000Z,0.0002532771453881,42165494.642302014,0.1693405034219087,89.94994959593541,83.14582578856844,223.65944004962583,-0.0338373211370266,-18.00325212514189,35795082.54973992,33789008.43287358,25236350.679340776,-99800.17883408928,-1839.925735696626,2462.603945093385,5.444363033222998
2022-11-16 02:00:00.000000Z,0.0002717147221053,42165402.9670313,0.1694927343308644,89.913302816716,81.38653301561142,255.528353702622,-0.0155311516214188,-18.01241471428963,35790126.15425067,16592702.644599766,38766509.3083802,-48911.19640579538,-2826.697097370708,1209.00344396765,8.36737967370064
2022-11-16 04:00:00.000000Z,0.0002913638670791,42165687.598255545,0.1698624287481566,89.89812093046768,80.1021472669068,286.909043730198,0.0071077010134351,-18.013434742792647,35783974.02811175,-5072002.771203064,41855921.46183271,15257.422661858536,-3052.418644781856,-370.75162772613936,9.047437132186968
2022-11-16 06:00:00.000000Z,0.0003089867528734,42166137.55270024,0.1703160317292564,89.96089615886089,79.71416364709201,317.3240975344115,0.0280641977384253,-18.00572954462038,35778419.954203136,-25369841.947696865,33668096.408555835,75482.28027477757,-2455.66219180752,-1851.2320653200852,7.295905415761357
2022-11-16 08:00:00.000000Z,0.000315646901901,42166244.43990391,0.1706109895839375,90.0854935633232,80.86588316053472,346.14418400506327,0.0417150326933282,-17.99145829263743,35775184.857325904,-38829581.83215252,16405875.939522142,115551.07700424075,-1196.7612528331829,-2833.1281603693856,3.5762188490300875
2022-11-16 10:00:00.000000Z,0.0003069133491731,42165882.5008847,0.1706630662397627,90.1850162009354,82.87372175297509,14.135519912456768,0.0443246160738571,-17.974887304992535,35775195.85595157,-41821284.89336759,-5279021.626216348,124620.72980334188,384.9278738281765,-3051.3290000276,-1.1172070363909357
2022-11-16 12:00:00.000000Z,0.0002901066510582,42165475.99383063,0.1706579455360327,90.19966386917508,84.92432265812214,42.16653038348002,0.035073170863327,-17.960756601227256,35778270.723533526,-33538382.95740898,-25540742.902148463,100160.3091469602,1862.690700536404,-2446.969896044689,-5.522688550265523
2022-11-16 14:00:00.000000Z,0.0002721549410157,42165395.02218241,0.1708143555988951,90.16248892435402,86.940520409297,70.2776758744023,0.0163287964794191,-17.952725004989052,35783382.70392085,-16215522.868456315,-38918481.37770977,48671.896099946345,2838.06311475876,-1183.352923277468,-8.451026719482087
2022-11-16 16:00:00.000000Z,0.0002539022451595,42165625.87244416,0.171140979419105,90.14882451516527,88.54799300368971,98.76615117768544,-0.0069489208042312,-17.95258439733548,35789117.82517219,5476885.80719677,-41810056.73520264,-16034.91864655339,3048.5307976557788,398.5660172621054,-9.108969619867407
2022-11-16 18:00:00.000000Z,0.0002365382951735,42165958.03926093,0.171470609901376,90.19372429224632,88.75098089191917,128.5928913264937,-0.0285308842133694,-17.960097129963046,35794041.12611115,25694629.52882973,-33440585.51580089,-76558.41563442578,2437.987158734457,1872.567845745381,-7.315157511809686
2022-11-16 20:00:00.000000Z,0.0002253163869383,42166168.1747539,0.1716525124317483,90.27005367531126,86.92410033742087,160.41245149571856,-0.0425996907075849,-17.973220032028877,35796981.87054033,38994516.81647471,-16067193.731155,-116595.90451353278,1171.2671913994209,2842.040611016254,-3.549104130304375
2022-11-16 22:00:00.000000Z,0.0002267977478595,42166079.79769265,0.1716813462797329,90.32611342388586,84.0526182748334,193.29457231768893,-0.0453244720727074,-17.988647117678852,35797249.58157051,41797540.165526144,5631443.775151883,-125336.73721702992,-410.5995150379873,3046.365230762466,1.1783510817193137
2022-11-17 00:00:00.000000Z,0.0002415208059554,42165689.95405453,0.1716796990667447,90.33342990849732,82.28090367426533,225.12720273167437,-0.0359018833153889,-18.002542844235368,35794736.82068991,33349314.83085422,25814035.14751484,-100375.8186576049,-1882.054099957429,2430.5995838527674,5.59688025287726
2022-11-17 02:00:00.000000Z,0.0002625520994002,42165305.50549675,0.171789532803659,90.30806055640608,82.00145211947961,255.5054132458052,-0.0167846437612596,-18.011289991039703,35789936.62422878,15922574.323130148,39046327.87272512,-48369.45388370743,-2847.096894748224,1160.1748422340174,8.517629837522911
2022-11-17 04:00:00.000000Z,0.0002847047593931,42165376.47297369,0.1720616763587485,90.29806182748668,81.71951104802564,285.87853570141067,0.0069629678559601,-18.012250506224273,35783951.84331228,-5792087.616539576,41762341.60552606,16741.280505245973,-3045.572976722907,-423.2491943745765,9.15250176232564
2022-11-17 06:00:00.000000Z,0.0003070527924149,42165953.7180557,0.1724025329020891,90.34626101270132,81.1535710937662,316.4860153925775,0.0290090022224176,-18.004652351845426,35778425.46675215,-25945848.54970876,33226235.12664485,77465.45499346257,-2423.4100898981324,-1893.2449300068463,7.326337681012977
2022-11-17 08:00:00.000000Z,0.0003216901331388,42166440.47856577,0.1726323128041671,90.44485660506407,81.4870774402346,346.15035161175064,0.043436365013687,-17.990346058627505,35775133.07155674,-39106292.33980035,15734747.541657995,117456.06238202284,-1147.795261192657,-2853.328977619506,3.5249650740376968
2022-11-17 10:00:00.000000Z,0.0003178074509443,42166282.268796384,0.1726729791800124,90.52943070069632,82.57661514564346,15.07510870964198,0.0463209329889494,-17.973602433969546,35775205.41362136,-41724161.91978263,-5998561.08316318,125906.66443771165,437.4044214138773,-3044.263551166672,-1.2333841001046697
2022-11-17 12:00:00.000000Z,0.0002992960563076,42165696.43745551,0.1726601218965694,90.54780330276432,83.31088242283876,44.41866531345645,0.0367991024497291,-17.95953360413356,35778543.80910886,-33093741.28495206,-26114745.42269076,100475.72863315031,1904.5144993643428,-2414.54511649535,-5.669419203645944
2022-11-17 14:00:00.000000Z,0.0002773461153941,42165283.83222542,0.1727750996494664,90.52183964191312,83.64622215221561,74.19885884343523,0.017337672356194,-17.952100784115444,35783959.45934442,-15543460.665384827,-39192357.79365306,47945.80593094049,2857.955469549527,-1134.3416699892298,-8.586663378350659
2022-11-17 16:00:00.000000Z,0.0002558298802006,42165348.822788894,0.1381955154612823,89.23264364035693,85.35228608059718,103.86326324328682,-0.0051357052032617,-17.95296643879311,35789793.88448857,6195085.271044565,-41710370.991373815,-16288.370139793544,3041.171813400243,450.9246806055973,-7.319995779669523
2022-11-17 18:00:00.000000Z,0.0002347718744016,42165783.58814675,0.1384463864236242,89.27890145062294,85.3710048146152,133.8719780711687,-0.0103462018573186,-17.961409550597917,35794506.11196401,26265614.05885125,-32994623.64282204,-64465.265322722495,2405.402603655659,1914.184658579689,-5.753623341785348
2022-11-17 20:00:00.000000Z,0.0002186269545469,42166254.47001747,0.1385752169326027,89.35012420928423,83.98355653930389,165.2568160841339,-0.0128998703642514,-17.974930924388474,35797032.50655976,39264768.5748107,-15395251.66634085,-95381.92934546933,1122.237944247468,2861.755748134598,-2.635563891645578
2022-11-17 22:00:00.000000Z,0.0002159612311767,42166373.26727408,0.1385913748593351,89.39505811859713,81.69664400220141,197.56578430743443,-0.0120670515750493,-17.990074929017833,35796917.773792975,41694384.12620912,6348499.016468095,-100685.98048845,-462.9096177563882,3038.891610074997,1.197269735859207
2022-11-18 00:00:00.000000Z,0.0002293595924203,42165963.97654842,0.1385997415925859,89.39258004145013,81.00878123298646,228.32508023402136,-0.0080131848548827,-18.00325382449026,35794256.13255119,32900350.419032663,26383166.19887407,-78905.7584178493,-1923.5868265706144,2397.924453159865,4.714440357874437
2022-11-18 02:00:00.000000Z,0.0002511739462927,42165320.36450284,0.1386978763329227,89.36574046035369,82.49227209524528,256.9425028702839,-0.0017690379980801,-18.011314470345983,35789573.612829186,15248483.160153996,39314097.902998544,-35856.84786211993,-2866.6507064287616,1111.067139319126,6.968762028364375
2022-11-18 04:00:00.000000Z,0.0002746383787611,42165098.34843286,0.1389000628405113,89.35895025739295,83.79029152420844,285.7327596098508,0.0050358354192956,-18.011963339827886,35783818.433816075,-6509786.515466651,41656366.6148748,16910.33389651786,-3037.8485312107523,-475.560869970108,7.351199848493914
2022-11-18 06:00:00.000000Z,0.0003003935264769,42165664.3307894,0.1391290325882982,89.40255500872385,83.66002549028902,315.9091207136756,0.0106039968028073,-18.004397984214112,35778428.088973455,-26513722.338965826,32774902.831255514,65208.68995200376,-2390.4773792323576,-1934.6486043840323,5.755410461075195
2022-11-18 08:00:00.000000Z,0.0003232352882824,42166498.01050053,0.139271977904399,89.48381175416371,83.5539094050857,346.0303575169052,0.0134454082129227,-17.990154336290683,35775134.17001804,-39371273.74417383,15059609.975668622,96027.99659061692,-1098.5352335565535,-2872.6570599816278,2.60725850854863
2022-11-18 10:00:00.000000Z,0.0003274089551749,42166673.84438695,0.1392923371341715,89.54821154286826,84.01161027437084,15.60720557039969,0.0127687844305269,-17.97333913370041,35775239.807021625,-41614875.70583024,-6715585.404404127,101038.65548003717,489.7046331966424,-3036.301183925913,-1.2486958511940234
2022-11-18 12:00:00.000000Z,0.000310664465854,42166036.56646375,0.1392930661828521,89.55432054923864,83.6785520013933,46.03030829587342,0.0086955525439815,-17.959319543154947,35778802.77547115,-32639791.27421501,-26680430.661888704,78844.55028142418,1945.740182062703,-2381.442454870426,-4.7752335008821705
2022-11-18 14:00:00.000000Z,0.00028691773915,42165289.374065526,0.1393983752386462,89.52626182660406,82.25258215635557,77.57336606786899,0.0022497736703679,-17.952424906491913,35784545.71020896,-14867458.512727687,-39454394.42130559,35377.10207720005,2876.988818741668,-1085.0523470957778,-7.021202218821221
2022-11-18 16:00:00.000000Z,0.0002637709766768,42165087.082667135,0.1395971030436665,89.51951782072646,80.98059311139632,108.93232968976976,-0.0048865954517075,-17.95432925102308,35790555.9801266,6910774.838060503,-41598552.20975091,-17686.982544658378,3032.913513681346,503.0839576395425,-7.3789546020858
2022-11-18 18:00:00.000000Z,0.0002398973992085,42165530.46530234,0.1397715826302097,89.55188963593116,80.16354540330957,139.78957578470715,-0.010808897977841,-17.96389354520921,35795117.36963592,26828253.86504376,-32539573.04462757,-66065.7861971011,2372.135357044778,1955.1746108830532,-5.749295050885919
2022-11-18 20:00:00.000000Z,0.0002185775893443,42166237.25159996,0.1398437551020491,89.59113755519108,78.6260099971347,171.35583698421507,-0.0139030099254495,-17.97805350727921,35797212.108937554,39523140.97444879,-14719784.14213934,-96719.5818132012,1072.9326010259692,2880.589452507936,-2.5685104706472965
2022-11-18 22:00:00.000000Z,0.0002103611798797,42166619.71593724,0.1398500049961313,89.59856598203275,76.47926192907921,203.56228912541152,-0.0132916572616936,-17.993054288133123,35796613.09330495,41579077.92994922,7062545.502935232,-101364.9352224856,-515.0188066190232,3030.5271298503985,1.308877618108831
2022-11-19 00:00:00.000000Z,0.0002200436205712,42166291.317780495,0.1398867696824394,89.57007717256798,76.62180304467135,233.51797271494883,-0.0090869949546656,-18.005452124249523,35793669.67602526,32442240.306229137,26943573.01245652,-78711.56273023644,-1964.5068913284983,2364.587850870791,4.839506616561303
2022-11-19 02:00:00.000000Z,0.0002400283662639,42165455.39505299,0.1400079944792172,89.53663501028194,79.96173841389383,260.2864903965335,-0.0023764438016801,-18.0125757869737,35789023.652125634,14570655.97614055,39569738.55519376,-34821.798496896416,-2885.3484426672458,1061.6949797048403,7.071403337553339
2022-11-19 04:00:00.000000Z,0.0002627695534137,42164896.4381955,0.140179599511713,89.53092374332877,83.36928738336515,286.9667427548165,0.0050586057043013,-18.012620668015277,35783523.54934384,-7224837.311655818,41538018.772555865,18507.700557827124,-3029.2455270284486,-527.6737878117929,7.400535797710517
2022-11-19 06:00:00.000000Z,0.0002899043687762,42165302.232576326,0.1403199834665588,89.55734667557907,84.42734205979319,315.9720877523352,0.0112173916437391,-18.004932516232138,35778374.51810075,-27073231.45347007,32314193.856655784,66913.1388030376,-2356.871391157604,-1975.4360680324123,5.734548664164553
2022-11-19 08:00:00.000000Z,0.0003198021585458,42166383.86609606,0.1403773046956191,89.58883698284743,84.45864697915428,346.0055731679701,0.0144189842849068,-17.990785438549953,35775161.95666529,-39624358.463983424,14380589.543137686,97332.0382754089,-1048.991137754964,-2891.1102075874496,2.519184816766385
2022-11-19 10:00:00.000000Z,0.0003342413017158,42166985.94571526,0.1403822046710756,89.59036945260907,84.73543945313166,15.826186162529371,0.0137594954240767,-17.973980653434698,35775288.90134974,-41493331.96844171,-7429966.932044882,101531.58278885856,541.8184581177219,-3027.443783127582,-1.380526613270392
2022-11-19 12:00:00.000000Z,0.0003229752936282,42166467.48597863,0.1404285751351085,89.55488221842168,83.81434141270297,46.87890616150055,0.0093656742694256,-17.9599795816275,35779019.16425538,-32176503.505431168,-27237699.985981144,78341.86637359767,1986.360310179304,-2347.6677674542047,-4.9130158690151005
2022-11-19 14:00:00.000000Z,0.0003000655766635,42165438.74290652,0.1405705312239413,89.51643688440734,80.88482733702847,79.93547392118533,0.0023777788146352,-17.953505815376523,35785086.965742216,-14187525.497335872,-39704539.04138262,33984.64373168616,2895.1598787629373,-1035.4911126260236,-7.12424134150868
2022-11-19 16:00:00.000000Z,0.0002775702340843,42164888.86181449,0.140748987238455,89.51069828785296,77.75178907262595,113.15349022729409,-0.0053408152943564,-17.956401378704047,35791350.966643296,7623941.813453068,-41474580.67902522,-19597.891577504462,3023.770109668659,555.0412437709891,-7.416092006113982
2022-11-19 18:00:00.000000Z,0.0002529776046518,42165223.241907164,0.1408593899971276,89.53082928861011,75.63278880598146,145.3236911268941,-0.011698562670397,-17.967204193134652,35795857.57232761,27382631.02368073,-32075422.32620222,-67962.69896430755,2338.1967909355108,1995.5373971923505,-5.708010106926409
2022-11-19 20:00:00.000000Z,0.000227492433939,42166105.506327,0.1408737926509915,89.53585647504032,73.35504933767731,177.6634875824053,-0.0149433161629368,-17.982253445064977,35797552.999112144,39769782.214337714,-14040784.658361793,-98059.06636815432,1023.35841941763,2898.540278463186,-2.4583341561394514
2022-11-19 22:00:00.000000Z,0.0002132933316742,42166785.65323943,0.1408719829476453,89.49745440689247,70.67529004530523,210.44869396831663,-0.0141462527614081,-17.99734139291275,35796401.64773946,41451814.05037526,7773575.100851478,-101745.39077056164,-566.9217270037814,3021.269660975986,1.4589820437843746
2022-11-20 00:00:00.000000Z,0.0002174506834828,42166641.67801765,0.1409550159430985,89.43149632202773,70.92893935195208,240.33146754958184,-0.0094686018659754,-18.009010164080113,35793041.740453444,31975208.49496964,27495240.96715448,-77988.27782437616,-2004.8113712281456,2330.590687527879,4.988751012194014
2022-11-20 02:00:00.000000Z,0.0002326567910901,42165714.09443079,0.1411370212593741,89.38234660469459,75.71446726486192,265.6712151857868,-0.0021353633723971,-18.015018923947142,35788315.29136331,13889316.82638579,39813257.56217794,-33154.506158311575,-2903.1937135591834,1012.0633418737362,7.177927122847166
2022-11-20 04:00:00.000000Z,0.0002516465422327,42164820.82519047,0.141326330519947,89.37645129441775,81.46667567024814,290.0078990545721,0.0058819080053639,-18.014156993775973,35783051.04383624,-7937072.693619869,41407345.07679774,20688.063087515005,-3019.7758694497848,-579.5828376033224,7.43262464028722
2022-11-20 06:00:00.000000Z,0.0002771900220776,42164928.8325011,0.1414165737730464,89.39233303529383,84.4592715029552,317.0895917175136,0.0123915667012628,-18.006121129526193,35778230.03757855,-27624312.32848684,31844181.37548277,69011.7851810475,-2322.607909600695,-2015.6052775872977,5.679553124701942
2022-11-20 08:00:00.000000Z,0.0003113714673949,42166095.00709853,0.1414016958516117,89.37845335525743,85.33663130780711,346.3223107139052,0.0155777993502555,-17.9920552427144,35775200.79209763,-39865590.70844367,13697766.733804002,98746.4172269489,-999.17625567272,-2908.688005366804,2.387881703786316
2022-11-20 10:00:00.000000Z,0.0003364902235354,42167142.751577966,0.141397215480856,89.30682305271958,85.98022680046623,15.849171353970904,0.0145070042927066,-17.97536217857036,35775355.968730286,-41359649.08298495,-8141623.301529039,101818.94650257129,593.7390404894373,-3017.6914360810247,-1.5552486882216598
2022-11-20 12:00:00.000000Z,0.0003340299801323,42166933.40134281,0.1415223709178904,89.20928884758473,85.1087455717662,46.91430717508734,0.0094058886613231,-17.96137527358174,35779172.53666505,-31704013.18218143,-27786477.13544693,77355.45928091303,2026.3774694485287,-2313.2227576162136,-5.083599505295388
2022-11-20 14:00:00.000000Z,0.0003146083117945,42165751.81198494,0.1417603555010838,89.14634847099033,81.26892689173444,80.9054310249693,0.0016239699157845,-17.955145154513588,35785513.907767974,-13503740.504560722,-39942726.87771232,31934.756023392016,2912.481189741737,-985.65863033279,-7.241565071092622
2022-11-20 16:00:00.000000Z,0.0002950348858339,42164811.05318898,0.1419724361908992,89.14029814745172,76.45229657044032,115.8065516872413,-0.0067236771444411,-17.958840239459334,35792086.67322609,8334610.909305728,-41338378.45586159,-22186.833651282323,3013.7519983459406,606.801180744065,-7.444350000944067
2022-11-20 18:00:00.000000Z,0.0002726193259308,42164903.44474548,0.1420478525723537,89.15300214599647,72.89216603641233,149.4240902596649,-0.0133358398913693,-17.97086250683242,35796662.29588932,27928828.50801614,-31602045.4827065,-70391.9730041839,2303.591713441944,2035.2806684682996,-5.635868442974364
2022-11-20 20:00:00.000000Z,0.0002453061117967,42165859.27715714,0.1420138258625618,89.12645406410532,69.60290604922885,182.80589912841265,-0.0163595020907921,-17.986994768984207,35798053.41495617,40004783.57823899,-13358083.64153673,-99649.66605657584,973.5134991854646,2915.611589117774,-2.3025082193383923
2022-11-20 22:00:00.000000Z,0.0002260958297673,42166833.50929011,0.1420097994009364,89.03938021041222,65.8910822393342,216.67147315020023,-0.0149040209409024,-18.00245105882448,35796342.50228593,41312663.348802805,8481754.441174995,-102028.40342519652,-618.6209837199788,3011.115292311567,1.6581852743089067
2022-11-21 00:00:00.000000Z,0.0002244210787797,42166968.55989614,0.1421560180776948,88.92916560719843,65.28265857455992,247.46112907101644,-0.0092981160101952,-18.013566916812124,35792457.072358966,31499319.51747369,28038294.706659447,-76839.09759520782,-2044.4992841931964,2295.926329212657,5.178169791135455
2022-11-21 02:00:00.000000Z,0.0002329373851336,42166079.08805155,0.1424341218596224,88.85820506385443,70.39860834447235,272.49343486664577,-0.0010191908212,-18.018406706757517,35787512.49678756,13204543.45670034,40044738.46524889,-30835.61739504033,-2920.1847254425847,962.16788915564,7.305653223239034
2022-11-21 04:00:00.000000Z,0.0002448400728765,42164911.513888806,0.1426920281775795,88.85242365792965,78.02330797151872,294.95866916416924,0.0076909066951227,-18.016389391192032,35782416.22012115,-8646414.311592177,41264406.10240683,23587.331545006848,-3009.441709086357,-631.2905616053066,7.461875983974019
2022-11-21 06:00:00.000000Z,0.0002648545040377,42164624.32343985,0.1427836078750524,88.86803943106797,83.39760942201009,319.6595255143092,0.0144248359984439,-18.007750071397197,35777974.098748,-28166917.744221564,31364905.600806057,71723.7673013056,-2287.692960435735,-2055.159484271793,5.598753741369065
2022-11-21 08:00:00.000000Z,0.0002988540195202,42165669.00610159,0.1427279910857172,88.82424059318977,85.88529755664533,347.3118222056755,0.0172655991474967,-17.993696946010548,35775238.1738727,-40094970.41995669,13011159.839993786,100523.7629817514,-949.0971336773504,-2925.3926670486367,2.214244744378276
2022-11-21 10:00:00.000000Z,0.000332427463646,42167075.59076242,0.142726430039489,88.68617479812437,87.525921759453,15.907866568473729,0.0153276875761666,-17.977226607193295,35775457.56668378,-41213869.73652694,-8850539.242346745,102133.36350071667,645.4613265280045,-3007.042723989971,-1.7792055223426084
2022-11-21 12:00:00.000000Z,0.0003407644876,42167338.66475651,0.1429575312352944,88.51831033462457,87.41836002567987,46.27934718004172,0.0090385596382576,-17.963305660207705,35779267.984137066,-31222386.77102179,-28326728.99993497,76048.91031363276,2065.7908091196305,-2278.104322002092,-5.2995753827252745
2022-11-21 14:00:00.000000Z,0.0003271477630775,42166211.6582176,0.1433523238041337,88.42074003390277,83.48800270949849,80.39558564784048,6.47716652889807e-05,-17.957129755541555,35785768.718181044,-12816150.18665204,-40168898.19585938,29283.707453684085,2928.959269982366,-935.5500358550368,-7.389909923617258
2022-11-21 16:00:00.000000Z,0.0003120480656197,42164911.16392288,0.1436672608927207,88.41494972521083,77.43644692420865,116.53090076332148,-0.0091288945352042,-17.961296031847464,35792648.065459855,9042799.415019112,-41189831.75881857,-25522.764368700075,3002.868975100575,658.3744637195196,-7.4810647345086
2022-11-21 18:00:00.000000Z,0.0002947011536704,42164635.24995492,0.1437554110040785,88.42973940586023,72.52950071602514,151.49216436444897,-0.0159692794112024,-17.97432306844179,35797416.75839725,28466915.310873177,-31119232.95566834,-73536.53599749182,2268.323193316003,2074.419149129967,-5.546485138211143
2022-11-21 20:00:00.000000Z,0.0002688310239113,42165519.380259454,0.1436947092373864,88.38192877312767,68.28578578588588,185.8485559913812,-0.0184996456057839,-17.991589612937425,35798658.74654097,40228197.46592342,-12671380.167660486,-101747.4676742806,923.390612346195,2931.8121744669293,-2.1072734739955683
2022-11-21 22:00:00.000000Z,0.0002467353869345,42166731.64337043,0.1436974018742098,88.2521072363027,63.4884531659732,220.84175291434147,-0.0159300056892848,-18.007679198114946,35796464.38619423,41161609.993470296,9187402.356043886,-102482.38347247372,-670.1264780941631,3000.0598941138464,1.9093934888614008
2022-11-22 00:00:00.000000Z,0.0002405839213064,42167211.58653729,0.1439185295748943,88.09862708072053,61.35344786228861,253.20152654976053,-0.0088691929601192,-18.01852466907978,35792004.24755119,31014506.29728628,28572985.75101651,-75479.81925615449,-2083.5740098771103,2260.5816283991967,5.419159099987528
2022-11-22 02:00:00.000000Z,0.0002429150226936,42166505.03738005,0.1443183684713271,88.00482005454562,65.42965434591345,279.29748711783463,0.0008206333605638,-18.022299883934448,35786710.76945778,12516272.229519954,40264333.27674023,-27976.37071801324,-2936.317905345204,911.995375173915,7.471596343184544
2022-11-22 04:00:00.000000Z,0.0002459305058736,42165183.91268492,0.1446886942457544,88.00160305757537,73.61499263299825,301.2008053563324,0.0105115691831081,-18.018995803856317,35781673.13585394,-9352893.787162062,41109271.79185856,27224.61926381291,-2998.238819281665,-682.8065831689645,7.506717299388332
2022-11-22 06:00:00.000000Z,0.0002563957413527,42164476.039299,0.1448357182851961,88.02980703858965,81.04492317296155,323.83428326557623,0.0175128715320133,-18.009517429339066,35777610.37716083,-28701059.67050927,30876375.3795095,75192.90187595348,-2252.1254809521897,-2094.1063327413817,5.507712534069943
2022-11-22 08:00:00.000000Z,0.0002844860190289,42165194.71174344,0.1447813142944593,87.98136759838015,85.65884625218318,349.3650840830256,0.0198030482439863,-17.995365363132784,35775268.23403676,-40312511.40045539,12320730.856350789,102899.77476497268,-898.7551983158262,-2941.228955763414,2.0078726852824893
2022-11-22 10:00:00.000000Z,0.0003213754829324,42166762.64196814,0.1447953986208096,87.80368117471313,88.90544263825917,16.394442075323237,0.0166004984054571,-17.979229543314535,35775624.91325571,-41056026.59075925,-9556765.436063956,102753.43026794368,696.9813992538548,-2995.49610662808,-2.0502045133864786
2022-11-22 12:00:00.000000Z,0.0003399624100474,42167564.51557072,0.1451384747263879,87.57753604104562,90.2475910733706,45.37428250911727,0.0086258037546863,-17.96551945892396,35779354.83189004,-30731691.80164251,-28858476.365636528,74688.53978286634,2104.595262563818,-2242.306518258899,-5.566573289668248
2022-11-22 14:00:00.000000Z,0.0003337936845309,42166745.57189559,0.1457302535555615,87.44488138093122,87.1444213500933,78.69847591177627,-0.0020306045745881,-17.959285891583527,35785845.746684805,-12124844.770176483,-40383027.28086554,26229.61052931749,2944.5938895988093,-885.1583875150675,-7.582431949308517
2022-11-22 16:00:00.000000Z,0.0003236955852677,42165223.09425841,0.1462176007737738,87.4431586336138,80.50771840934253,115.41479438159573,-0.0124456476670062,-17.96352870346588,35792940.07933407,9748440.515737318,-41028852.99138318,-29524.038711920715,2991.1269743133894,709.7721558598662,-7.544904985379442
2022-11-22 18:00:00.000000Z,0.0003134345469022,42164501.048272334,0.1463796901126513,87.474639533911,74.44362331957943,151.51592594998317,-0.0196817577005845,-17.9771451577646,35797979.141867496,28996864.198659744,-30626796.104365867,-77457.25336017745,2232.394432278303,2112.9691991596574,-5.459956486414804
2022-11-22 20:00:00.000000Z,0.0002926156037271,42165139.86360146,0.1463246174945179,87.4251582293619,69.41554923636096,186.65737663037933,-0.0216297219451951,-17.995381858137534,35799257.801702335,40439984.5459865,-11980373.602036493,-104547.97117748474,872.9829708356062,2947.154713841928,-1.8890909305283077
2022-11-22 22:00:00.000000Z,0.000270490192862,42166470.351793535,0.1463423395334806,87.26978707436515,63.798707761140655,222.49484297713008,-0.01761529249949,-18.0122601805736,35796741.74191466,40998542.760436416,9890864.359976118,-103394.67291042655,-721.4495492616072,2988.102293318146,2.2041477091150754
2022-11-23 00:00:00.000000Z,0.0002620772812132,42167306.69572895,0.1466380153445339,87.08395959136573,60.04503727906729,256.5055739637933,-0.0086062566035122,-18.0231611514347,35791745.738556504,30520595.21441949,29099600.838758923,-74222.13603209918,-2122.039950277166,2224.5427245563005,5.713584409918065
2022-11-23 02:00:00.000000Z,0.0002609262557341,42166916.40452348,0.1471661777146916,86.97231134194892,62.20196519219406,284.5394622098869,0.0030280851257944,-18.02612919122143,35786014.58411713,11824337.462445144,40472213.992358096,-24838.16366916184,-2951.5870772472404,861.5296008495336,7.687567716161989
2022-11-23 04:00:00.000000Z,0.0002564322510109,42165610.51321605,0.1476736230051364,86.97568843257284,69.43067334023725,307.3940739573709,0.0141412939038153,-18.021568028679944,35780905.32750972,-10056613.020981606,40942012.59381978,31451.18341514941,-2986.157128509169,-734.1425419128236,7.585961319320466
2022-11-23 06:00:00.000000Z,0.0002553183222413,42164549.12975352,0.1479180372699713,87.02869915348279,77.68037287871415,329.18397668949746,0.021653405528727,-18.011088785744814,35777165.922207944,-29226776.340932038,30378591.174920425,79417.57033769228,-2215.8985215275907,-2132.454197068605,5.427641245898617
2022-11-23 08:00:00.000000Z,0.0002719520827371,42164798.84534852,0.1479037664076219,87.00444204948509,84.21349706837464,352.7716317409522,0.0233878650650306,-17.99669839954659,35775286.12682857,-40518218.74251761,11626426.396429222,106019.77060837526,-848.1482046557599,-2956.2031993220253,1.787635103132815
2022-11-23 10:00:00.000000Z,0.0003048674486789,42166261.26038445,0.1479376021310773,86.82819777288722,89.40557865081276,17.853643134022413,0.0186811280314834,-17.980981555131187,35775887.840903744,-40886128.898643725,-10260383.527462706,103940.60442490948,748.2954414759317,-2983.052501142223,-2.3553086727989903
2022-11-23 12:00:00.000000Z,0.0003297544973424,42167515.01547458,0.1483635758480584,86.57641124974805,92.73323450260712,44.87316708162534,0.0086114671527424,-17.96772236528066,35779521.72423863,-30231992.701065067,-29381786.693832047,73600.744939001,2142.7797080896503,-2205.825315241198,-5.879790700424157
2022-11-23 14:00:00.000000Z,0.0003313416140315,42167223.61794525,0.149143844939021,86.42069663730858,91.34002545433005,76.51045325230031,-0.0042179200688815,-17.9614961327002,35785823.07791477,-11429975.627975153,-40585153.11051742,23099.39385401874,2959.373976824168,-834.4805699921458,-7.824003013989467
2022-11-23 16:00:00.000000Z,0.0003259467800367,42165725.34959537,0.1498463066062435,86.4292859578623,84.95540265733558,112.96461844150176,-0.01632709979538,-17.965500483907782,35792946.8631855,10451334.662559807,-40855461.889768176,-33935.15337130953,2978.52445096485,760.997463096882,-7.65071088054964
2022-11-23 18:00:00.000000Z,0.0003232813092098,42164579.00709943,0.1501418837799347,86.49424976152635,78.00136131101065,149.92214835518328,-0.0243117786915085,-17.979181594970584,35798236.442050755,29518493.93682733,-30124711.822277494,-82034.90500554569,2195.8104310142658,2150.940055572728,-5.398637286302606
2022-11-23 20:00:00.000000Z,0.0003107703922001,42164809.10193646,0.1501283080372263,86.46988686313232,72.32607497294516,185.68510899220755,-0.0258236043497764,-17.998001364583104,35799711.188652046,40639991.53114356,-11284958.089864088,-108105.12527810891,822.2919951407042,2961.651479860334,-1.6726916386833608
2022-11-23 22:00:00.000000Z,0.0002919514869747,42166079.35080567,0.1501629259719677,86.31622583896777,66.23521077710893,221.99413351464332,-0.0202616284574361,-18.015633706475093,35797090.034562364,40823297.575899534,10592314.57215118,-104986.7899252251,-772.5937125458329,2975.247631144066,2.5216607795482275
2022-11-24 00:00:00.000000Z,0.0002836034730225,42167207.72457406,0.1505138770353385,86.1178485227916,61.16792445355717,257.33070115875336,-0.0089722207401089,-18.02686424161892,35791690.334382735,30017404.372278173,29618311.627730057,-73406.00350373938,-2159.8969616814497,2187.804308206404,6.050080043019782
2022-11-24 02:00:00.000000Z,0.0002822983617824,42167220.095702335,0.151149831058994,85.9980598846536,61.217566313047165,287.4804707328857,0.0050887150836975,-18.029378470752008,35785504.38593938,11128590.387945848,40668497.09166614,-21798.861796437548,-2965.983283550086,810.7622190820321,7.954658702862737
2022-11-24 04:00:00.000000Z,0.0002743849487526,42166114.11571743,0.1517899412912348,86.01145497522528,66.56227957796679,312.2101250503507,0.0181377556690257,-18.02375221988075,35780202.22475315,-10757638.87140907,40762697.164105095,35942.02221285515,-2973.1843800063443,-785.3028942067938,7.7128924463593105
2022-11-24 06:00:00.000000Z,0.0002633812107996,42164853.26668263,0.1521488572135509,86.09620813364629,74.14260698175019,334.63870903810533,0.0265811311773108,-18.012221034236127,35776680.59188544,-29744060.090088364,29871599.30564076,84202.72316597753,-2179.0045136564745,-2170.2057301084424,5.380579131201739
2022-11-24 08:00:00.000000Z,0.0002656488475975,42164604.43416842,0.1521973955721865,86.11825310365676,81.47174476279297,357.38443533113707,0.0279914899270755,-17.997442862853344,35775278.123555526,-40712054.33266724,10928264.654564269,109862.65700648598,-797.2751079753405,-2970.3208314543854,1.5788371213046897
2022-11-24 10:00:00.000000Z,0.0002873053972559,42165707.41436929,0.1522418683086771,85.98377935312381,88.27251566916067,20.81555507640889,0.0217814907502591,-17.982157460663743,35776246.26118482,-40704153.3694639,-10961419.70714806,105850.6018188798,799.3977812305582,-2969.717987817911,-2.671557400184445
2022-11-24 12:00:00.000000Z,0.0003114364241001,42167174.06502593,0.1526872508604104,85.74819332997102,93.7629400926436,45.655387368294406,0.0094026846255264,-17.969621528101634,35779855.79424268,-29723341.22639761,-29896722.25052403,73084.91733392954,2180.328505637906,-2168.6648830412355,-6.222845174365935
2022-11-24 14:00:00.000000Z,0.000318726243322,42167494.47739825,0.1535839364845357,85.58989840276502,94.77511346804798,74.88958707222618,-0.0059752735671328,-17.963680880348623,35785849.97605138,-10731733.261596974,-40775375.99748307,20277.15177235507,2973.2787195521137,-783.5240562683185,-8.10793041514994
2022-11-24 16:00:00.000000Z,0.0003171885029365,42166319.42414723,0.1544877487086387,85.6135120813258,89.64567479430066,110.07385616664732,-0.020244046163435,-17.967373611167435,35792769.28789625,11151170.638506144,-40669832.2880405,-38366.28138730676,2965.0512873662115,812.0383776563735,-7.803864951950656
2022-11-24 18:00:00.000000Z,0.0003209587124099,42164906.28743526,0.1549524168029018,85.72395637550456,82.26609781065173,147.41182891853526,-0.0294444470003926,-17.9806666846475,35798170.609528184,30031485.567475244,-29613227.366180148,-86963.6008907649,2158.578679036544,2188.3253271530093,-5.380218370937334
2022-11-24 20:00:00.000000Z,0.0003187448666663,42164635.0631808,0.1550092339515324,85.75084751751025,76.06503320288847,183.6492440460277,-0.0308870139242664,-17.999555149567634,35799910.56244932,40827990.12411283,-10585382.010166906,-112275.4719066948,771.3331001232391,2975.3085710477008,-1.4846339348806432
2022-11-24 22:00:00.000000Z,0.0003067405413617,42165637.84004848,0.1550529234501465,85.62991028923605,69.81566867266432,220.08353030055576,-0.0239526951924685,-18.017701718502817,35797395.017827325,40635750.77334545,11291578.374361947,-107319.96351869496,-823.5461420303833,2961.508725045084,2.832879352931391
2022-11-25 00:00:00.000000Z,0.0003007346348124,42166910.42262911,0.1554197468173667,85.44296623986837,63.93103788605603,256.22554265570693,-0.0103166846936562,-18.02939940419571,35791789.19006201,29504890.66665085,30129034.673924133,-73288.35798943798,-2197.1347043752253,2150.37817316808,6.404539332333423
2022-11-25 02:00:00.000000Z,0.0003015937849888,42166956.302054845,0.1561148204570902,85.3261363132342,63.885125925147015,286.4678571337288,0.0064677773427817,-18.031965254527755,35785210.71048767,10429168.155292757,40853151.29934725,-19251.852814702437,-2979.482163422583,759.7011639477273,8.259941344509336
2022-11-25 04:00:00.000000Z,0.0002955474171625,42166205.41273092,0.1568514594018111,85.34985450753618,67.17891786211327,313.2387963066127,0.0219098662002503,-18.02565328066518,35779529.40870793,-11455681.989462571,40571351.54135645,40262.003522141495,-2959.303779010598,-836.2814391929915,7.889063760033668
2022-11-25 06:00:00.000000Z,0.0002805652812483,42164952.40312241,0.1573123270579813,85.46430652664942,73.25127575111667,337.14676842469964,0.0317904606617326,-18.013004213596684,35775913.51191547,-30252527.144362595,29355418.97289533,89175.74199086326,-2141.4317074630726,-2207.371778055186,5.381880865481626
2022-11-25 08:00:00.000000Z,0.0002710898261978,42164301.27164845,0.1574255326414406,85.53965800870567,79.96613232275823,0.4544068018005488,0.0333102849451706,-17.997287464598354,35774734.3250349,-40893500.350517735,10226101.256447071,114203.81923114636,-746.1054614027253,-2983.61468708202,1.4062576195047338
2022-11-25 10:00:00.000000Z,0.0002784135652123,42164891.89186313,0.1574639194928156,85.47099001127764,87.04733117775822,23.539645042058076,0.0258621813921379,-17.981649229392406,35775991.99351765,-40509225.00862751,-11660253.777075903,108452.24920138004,850.3581004526466,-2955.517278859989,-2.9711056401394305
2022-11-25 12:00:00.000000Z,0.0002949130117689,42166260.10678123,0.1578544558434594,85.28524462371723,93.94651370984752,46.92085174181927,0.011224305692275,-17.969140864878558,35779627.6882894,-29204265.57662411,-30403661.32964303,73302.97776162713,2217.330389529854,-2130.792970858571,-6.570795328849394
2022-11-25 14:00:00.000000Z,0.000303358027639,42167080.677708514,0.1587500372522186,85.14457360624863,97.51172810195357,73.58464863849757,-0.0068640462900328,-17.962939658492555,35785325.18646968,-10028103.76089551,-40953563.35611443,18080.97007835222,2986.359897229783,-732.180526683054,-8.416377795303731
2022-11-25 16:00:00.000000Z,0.0003035597397887,42166467.527812354,0.1597740523676366,85.18218814156911,94.69286271469544,106.44529121616604,-0.0236319340506825,-17.96568586677425,35791950.644836865,11850050.16220131,-40470863.64890692,-42406.74616408083,2950.6750546133235,863.0465332772256,-7.997020829266799
2022-11-25 18:00:00.000000Z,0.0003102383040731,42165067.086119965,0.1603982795240864,85.33727098619094,87.74889873255165,143.30425964519483,-0.0345080893774318,-17.977731465964528,35797417.42822929,30537362.87156481,-29090177.508976467,-91826.04524009024,2120.572753111113,2225.2582153975186,-5.410461957659533
2022-11-25 20:00:00.000000Z,0.0003172710683949,42164327.86590272,0.1605383641035329,85.43054945100113,81.28635006980193,179.7375585492092,-0.0363734695163378,-17.995831631464952,35799568.25542455,41004329.613033205,-9878772.529378356,-116731.25947697592,719.913982245092,2988.1808216991835,-1.343707767885476
2022-11-25 22:00:00.000000Z,0.0003139812778438,42164886.825874135,0.1605764803647664,85.36710062029648,75.23139918035636,215.91991463243545,-0.0284788960674772,-18.014005429384323,35797469.83045937,40434798.28869003,11991528.09672302,-110237.61376756952,-874.5070316001096,2946.8281386665603,3.109952798300664
2022-11-26 00:00:00.000000Z,0.0003115584725125,42166097.0342819,0.1609092274739689,85.21301009351055,69.14038507529735,252.2349382909274,-0.012723970203736,-18.026222156607886,35791964.67666288,28980684.99251057,30633835.992875498,-73926.02961848576,-2233.894168533322,2112.1028674548643,6.746796276168548
2022-11-26 02:00:00.000000Z,0.0003161671301745,42166839.06977936,0.1615967995029743,85.10856906201816,65.98626997271101,285.57287739094147,0.0068036811361458,-18.0289792864804,35785119.06124239,9722739.800221829,41026920.28094512,-17455.620589157075,-2992.158487210559,708.1361867343774,8.578659782936624
2022-11-26 04:00:00.000000Z,0.0003147706861887,42166524.68689808,0.1623700853248435,85.13932583437838,67.39219875513028,314.2250441961945,0.0249055113954546,-18.022265549646846,35779128.06446885,-12154132.3808368,40367191.21155044,44012.89965992454,-2944.457738929099,-887.2780488458718,8.101232987096244
2022-11-26 06:00:00.000000Z,0.0003004320775774,42165484.24305206,0.1628953583935652,85.27278565669617,71.68060094767678,339.8987866342407,0.0366722662372702,-18.008793805446047,35775450.57628384,-30754773.33531632,28828112.072087124,93894.98038778432,-2103.02909025424,-2244.06215265142,5.4329265273969005
2022-11-26 08:00:00.000000Z,0.000283259943699,42164620.26189645,0.1630583442854634,85.39205199942111,76.95557212334485,4.603042206129392,0.0388216598243899,-17.992428969652885,35774578.22443924,-41063995.7343405,9517645.371856676,118662.85373954954,-694.4859070864161,-2996.074292727189,1.2850574757814206
2022-11-26 10:00:00.000000Z,0.0002761376824528,42164691.59872048,0.1630776863637888,85.39032538854222,83.06420341253796,28.593802429975185,0.0306020353817585,-17.976893878609125,35776330.68146917,-40301948.97238319,-12358787.12644568,111511.37034018624,901.2435081617764,-2940.366128976021,-3.2294618862009896
2022-11-26 12:00:00.000000Z,0.0002792298801004,42165695.709022135,0.1633610713295792,85.268576651116,90.13454389585404,51.73896234192696,0.0140162965100579,-17.96527822171893,35780265.73864456,-28675308.38955452,-30903917.270537063,74212.30279254833,2253.7377784420933,-2092.1476195843334,-6.895985187941051
2022-11-26 14:00:00.000000Z,0.0002820971064944,42166745.108222574,0.1641398749077756,85.15810241117252,95.68204007226517,76.38924740636021,-0.0066819828881417,-17.9601120181788,35785805.72637945,-9320242.616494332,-41120929.78227662,16661.923808391235,2998.5106396038595,-680.493730398412,-8.723993995530861
2022-11-26 16:00:00.000000Z,0.0002814131628662,42166763.15433348,0.1651598712046266,85.20280403164986,95.72456214509512,106.38103845102782,-0.0260708011817686,-17.96323666914595,35791969.66072674,12546170.344778746,-40260519.27807343,-45744.3365122495,2935.342832784112,913.8650473587744,-8.21144968023185
2022-11-26 18:00:00.000000Z,0.0002886886415867,42165689.40633309,0.1658833953919185,85.38632990259661,90.26971150180188,141.72287941006252,-0.0389480945330525,-17.97485335889679,35797106.97021578,31034430.67654,-28558817.536932245,-96211.1801405337,2081.883473331652,2261.5574324741083,-5.481302738192279
2022-11-26 20:00:00.000000Z,0.0003032982435711,42164665.87213295,0.1660977366712124,85.54163679626504,84.01790178045646,177.8840477026554,-0.0417111599866724,-17.992315429557838,35799308.627463415,41168488.52485655,-9169395.72357367,-121051.0116979941,668.2587837556229,3000.187214755837,-1.2553029191188103
2022-11-26 22:00:00.000000Z,0.0003109445678464,42164696.83808967,0.1661171496866746,85.54597531102621,78.41175693733472,213.5500167687729,-0.033382458957049,-18.010281606179205,35797485.258404344,40221726.33000909,12687906.93593359,-113405.87228791954,-925.2183458323236,2931.293005552089,3.3343850160971185
2022-11-27 00:00:00.000000Z,0.0003151107153046,42165627.12139228,0.1663725652719037,85.43801402166343,72.68990294776526,249.44944910807985,-0.0159608900024352,-18.02280053162553,35792150.58002189,28447716.39263063,31129647.25747114,-75153.92230007249,-2269.991595365921,2073.211753034469,7.049446143903236
2022-11-27 02:00:00.000000Z,0.000324145186183,42166519.054765165,0.1669865782731273,85.3521869101996,68.83925144256067,283.4649380141977,0.0060466192822637,-18.025931974078507,35785195.2501793,9013409.712376164,41188648.44812585,-16455.774764579834,-3003.920943963341,656.3665492151853,8.8810683920796
2022-11-27 04:00:00.000000Z,0.0003291792781469,42166625.73895545,0.1677287034913711,85.3848815606763,68.78279463519004,313.5775991803677,0.0268035711926468,-18.019173181596894,35778918.0959476,-12848801.71285393,40151256.32233816,46949.45042320869,-2928.714379553988,-937.9973138925528,8.324855827705031
2022-11-27 06:00:00.000000Z,0.0003202513183272,42165945.96981954,0.1682674120965054,85.52223011514931,71.50864160422931,340.81057649156594,0.040713027999132,-18.005133093575516,35775055.11896788,-31247610.270809837,28292558.35039016,97975.834300058,-2063.997029623417,-2280.0751171587985,5.520317138325348
2022-11-27 08:00:00.000000Z,0.0003018808647311,42165090.44921568,0.1684561029203204,85.66519570201963,75.23703622531349,7.0383985753793326,0.0439434629362545,-17.988077559354966,35774320.49137406,-41222041.81032199,8806693.967181649,122808.22834906116,-642.6686705253219,-3007.651916107736,1.215736174793915
2022-11-27 10:00:00.000000Z,0.0002854264607928,42164763.75972915,0.1684539741971649,85.71348850194107,79.56759831396202,32.75739628733786,0.0354838461406798,-17.97235329696881,35776504.74952872,-40082520.27386954,-13053438.041802917,114647.83084163394,951.8513747656556,-2924.3646360460825,-3.4333354689776026
2022-11-27 12:00:00.000000Z,0.000275603145234,42165268.58281966,0.1686182744604651,85.65042117696574,85.12056112827801,57.36061001200759,0.0174341227475815,-17.961380170691122,35780861.59404531,-28137734.31701965,-31394957.55915924,75562.22351505219,2289.460682451123,-2052.904881413732,-7.176573186403141
2022-11-27 14:00:00.000000Z,0.000268523743549,42166229.63079849,0.1692123502795147,85.57294549700114,90.93848092703227,81.7063399054578,-0.0055403100300366,-17.957348567039833,35786456.401335515,-8609670.853560986,-41276218.94432164,15941.67167079144,3009.7424124438817,-628.6303043219187,-9.005522418419007
2022-11-27 16:00:00.000000Z,0.0002623364903497,42166745.83357045,0.1701087520325924,85.61605078798726,93.45991614202802,109.22000681749329,-0.0274240024827403,-17.961282187211726,35792247.78044947,13238297.698103525,-40038562.60697397,-48275.69668692424,2919.113916746509,964.379977319171,-8.422531296968089
2022-11-27 18:00:00.000000Z,0.0002658707372607,42166227.28813135,0.170837769635912,85.80215731764315,90.50022134660576,142.06415983398185,-0.0424039219825258,-17.972850553773007,35796931.10052182,31521928.50527085,-28019536.41962076,-99852.0728407276,2042.5790929390923,2297.161262538788,-5.572617288398996
2022-11-27 20:00:00.000000Z,0.0002831105295023,42165207.50256074,0.1710962900687323,85.99603722917075,85.30431011979147,177.1314684218105,-0.0463818148941966,-17.989699543011618,35798992.96463643,41320189.61902184,-8457933.109400976,-124852.8729004334,616.4326851733758,3011.306507226786,-1.208403332173436
2022-11-27 22:00:00.000000Z,0.0003001792849782,42164764.070599824,0.1710920394968485,86.0597382496652,80.60923893638389,211.82744567824471,-0.0380955296847751,-18.007219856495702,35797379.90922381,39996702.38224612,13380002.751016349,-116407.44715211772,-975.6226816327724,2914.914952502488,3.5045764433753943
2022-11-28 00:00:00.000000Z,0.0003120108380673,42165249.53253735,0.1712494270584912,86.00009172848048,75.8773620893231,246.68846700147563,-0.0195394278445874,-18.019857692160556,35792315.30718525,27906516.156834893,31615937.97140008,-76614.36084579586,-2305.3848774331414,2033.7421968388503,7.297735740488119
2022-11-28 02:00:00.000000Z,0.000325547072249,42166080.206767015,0.1717444345107246,85.93539965318143,72.07198188433962,280.6370882890361,0.0044883744605415,-18.02345179702536,35785405.04881566,8301827.705349722,41338162.48437217,-16039.250109105693,-3014.76447534637,604.4469102790652,9.14249680551614
2022-11-28 04:00:00.000000Z,0.0003370116061925,42166500.88096942,0.1723971748485377,85.96557099298488,71.08104689796806,311.68647534348247,0.0276287933554126,-18.016970303367195,35778910.39780014,-13539085.037385693,39923770.00669972,49088.54059701908,-2912.0907470027505,-988.385725409654,8.53126253634928
2022-11-28 06:00:00.000000Z,0.0003361453608273,42166243.35123862,0.172897818846209,86.09237995084108,72.61605509253202,340.1210791578194,0.0436654995536392,-18.002682439512128,35774776.407094985,-31730626.548265982,27749327.880938247,101235.72696127724,-2024.371409364875,-2315.369796852873,5.618485809254238
2022-11-28 08:00:00.000000Z,0.0003220448266366,42165588.84286422,0.1730856588786237,86.23608047261764,75.14012369813402,7.553117894254689,0.0482185937179402,-17.984999993298675,35773990.39369332,-41367530.67987847,8094028.376366051,126303.73167802033,-590.6999833383559,-3018.3317448634853,1.1820446034540129
2022-11-28 10:00:00.000000Z,0.0003025602401517,42165057.380734734,0.1730687763946702,86.30886462154956,77.82891220762663,34.88985835874689,0.0399515295276064,-17.968813514299004,35776454.77383706,-39851148.378740616,-13743426.951513844,117453.26141493536,1002.1433127886776,-2907.529109470234,-3.586227219257623
2022-11-28 12:00:00.000000Z,0.00028442095402,42165073.26310524,0.1731388704483919,86.2868955325541,81.10153614846789,61.73208877203662,0.0209501297221103,-17.958063967035255,35781253.97040087,-27591943.22635972,-31876213.577391293,76965.68432813152,2324.486431131781,-2013.104173423147,-7.40346824989632
2022-11-28 14:00:00.000000Z,0.000268162774515,42165700.05152417,0.1735434839531329,86.23768521579997,85.30207724515915,87.66600812620523,-0.0038281325862108,-17.95495752452077,35787099.540652014,-7896782.302729322,-41419171.37424586,15635.065077882413,3020.067454494369,-576.6338413798121,-9.242417640047517
2022-11-28 16:00:00.000000Z,0.000253696579339,42166446.44086254,0.1742446523910626,86.27321162560943,88.66140663902274,114.34834948205486,-0.0278685402021457,-17.959903028646863,35792717.58681874,13926166.143413302,-39805029.3260917,-50130.3508912468,2902.00890186561,1014.5532427322888,-8.606239862698931
2022-11-28 18:00:00.000000Z,0.0002489972795892,42166536.19854537,0.1748849972036945,86.43678678084058,88.25842079895035,144.65796003014714,-0.0448047937010136,-17.97183670568295,35796962.7991468,31999741.85123348,-27472623.04279388,-102696.49887006207,2002.6814836362569,2332.0377725728745,-5.6586338752659255
2022-11-28 20:00:00.000000Z,0.0002624596244931,42165817.8796608,0.1751439116578919,86.63430833476609,84.90746658855046,177.8770494624994,-0.050072145015087,-17.98830508507719,35798740.12081409,41459495.06101769,-7744860.97092798,-127906.67183601568,564.4634032292861,3021.5207136810577,-1.1802502433783506
2022-11-28 22:00:00.000000Z,0.000284558313828,42165085.45179366,0.1751207968330507,86.73282774345992,81.62798394492351,211.12313755665463,-0.0421194826932532,-18.00530608003585,35797218.904268265,39760001.341034,14067295.634629805,-118876.27358721048,-1025.690534728592,2897.700986784794,3.6346291761232
2022-11-29 00:00:00.000000Z,0.000303437666788,42165062.79797637,0.1751895342608124,86.71231333706764,78.44378652132198,244.39739210419103,-0.022883034114931,-18.017898633718108,35792451.47618943,27357537.69160304,32092329.26438133,-77884.40315879852,-2340.056026758661,1993.724844255957,7.49288969999278
2022-11-29 02:00:00.000000Z,0.0003211556361471,42165634.38049877,0.1755525365981931,86.66761744240088,75.42443574670052,277.53951383531296,0.0026491040073261,-18.021967698596168,35785716.29730267,7588508.925659742,41475351.79758488,-15824.80243473558,-3024.6902389229067,552.4187752114763,9.350305998015113
2022-11-29 04:00:00.000000Z,0.0003379000383062,42166202.15174235,0.1760806207117902,86.69276223634326,74.08143431354526,308.9454543012996,0.0277194808298532,-18.01602734309875,35779106.257940315,-14224540.724203508,39684921.96827264,50677.86359716127,-2894.6054419985658,-1038.4028689402176,8.696773475086244
2022-11-29 06:00:00.000000Z,0.0003455784772649,42166337.482579626,0.1765023257376863,86.79873540658565,74.81365723070259,338.20356822286124,0.045604439956017,-18.00185097454473,35774669.77505624,-32203564.90869273,27198874.33925829,103729.09418835831,-1984.18424252668,-2349.914430095977,5.698599544160612
2022-11-29 08:00:00.000000Z,0.0003391675221984,42166009.72314453,0.1766652818995484,86.92343529216477,76.55202477550824,6.4407439080247135,0.0514430450251259,-17.983732227596313,35773661.602617696,-41500470.05610647,7380275.62095807,128999.48507514336,-538.6200791600877,-3028.0989645887644,1.1572759025728818
2022-11-29 10:00:00.000000Z,0.0003218517284197,42165475.78998714,0.1766440446436594,86.99528981358658,78.17467823338549,34.84516803075253,0.0435768363674903,-17.96692514413785,35776199.64443057,-39608124.7838294,-14428105.92611455,119613.4829570718,1052.083680068533,-2889.869211669151,-3.70616770877277
2022-11-29 12:00:00.000000Z,0.0003005303334545,42165120.511497386,0.1766643222850324,86.9927796605876,79.49370552814464,63.62176218856892,0.0240186317745217,-17.955948931060053,35781350.39911971,-27038411.63711816,-32347188.22508013,78022.51921114116,2358.801862679232,-1972.7757144309944,-7.582192011197882
2022-11-29 14:00:00.000000Z,0.0002791578395023,42165295.83259416,0.1769235246035908,86.96299853255466,81.28392286745334,91.9460933485929,-0.0020817915195244,-17.95332614455172,35787555.27657806,-7182043.290682926,-41549532.17239246,15348.836437268394,3029.500811667272,-524.5382956192382,-9.42749520432099
2022-11-29 16:00:00.000000Z,0.0002579284480482,42165983.723097,0.1774199321268929,86.98903847219191,83.63824264377803,119.64202455113048,-0.0278176653007752,-17.95917928730124,35793223.559681445,14609477.84102657,-39559880.49155497,-51611.4046176611,2884.056105934789,1064.3596049059329,-8.745236254782398
2022-11-29 18:00:00.000000Z,0.0002429379918885,42166553.64367591,0.1779098505756103,87.11431440935849,84.55847451541702,148.6660913793337,-0.046357778630225,-17.97173864143665,35797165.788207434,32467770.414221868,-26918191.71406462,-104896.48971153478,1962.215714861237,2366.168860585268,-5.715308965102993
2022-11-29 20:00:00.000000Z,0.0002466832251914,42166341.46068271,0.1781254230726625,87.28107070245574,83.09723187399292,180.02631303260438,-0.0527361912202093,-17.98812756512059,35798606.20675915,41586466.00131985,-7030402.9048294565,-130178.806462954,512.3712626933502,3030.818292828036,-1.1441417733140953
2022-11-29 22:00:00.000000Z,0.0002675224010675,42165584.4798861,0.178095045060349,87.38095361147089,81.48452157314817,211.60472368945264,-0.0451560856418577,-18.004668755313315,35797053.85971242,39511818.09068542,14749522.409675792,-120593.49412778884,-1075.4055944093516,2879.652739573874,3.748266313370856
2022-11-30 00:00:00.000000Z,0.0002908627359418,42165110.94144532,0.1781108566486531,87.3815442026171,80.2295176839291,242.92884951943049,-0.0255008604910548,-18.01709089948937,35792552.53983653,26801061.745429937,32558623.53783929,-78603.73953655346,-2373.998664990269,1953.1754705061155,7.649564584027988
2022-11-30 02:00:00.000000Z,0.0003119840717116,42165285.10791693,0.1783628917856868,87.35222281292721,78.64869745205314,274.61664995692104,0.0011004761120186,-18.02157690110965,35786085.21147134,6873731.524368166,41600158.80607443,-15392.789371017458,-3033.705198548255,500.3035545149923,9.505880548802343
2022-11-30 04:00:00.000000Z,0.0003324019292951,42165814.46571762,0.1787597104460281,87.37172632703376,77.56472596840996,305.76848881517066,0.0275910524103952,-18.01635069439707,35779481.89168253,-14904977.427425366,39434803.96948744,52095.82890763172,-2876.274644423865,-1088.0294041250206,8.808746631382474
2022-11-30 06:00:00.000000Z,0.0003474982974812,42166241.856769085,0.1790797658757669,87.45185453174906,77.87458421888998,335.4743530498458,0.0468636505005338,-18.002634107543017,35774773.328204215,-32666368.68258432,26641415.733558696,105701.18222103328,-1943.456402295028,-2383.693313259192,5.7371144581216855
2022-11-30 08:00:00.000000Z,0.0003501396001371,42166288.36834216,0.1792004381012345,87.5440858950202,79.16618602937761,4.190900675397088,0.053689892494956,-17.984376861601845,35773426.7498766,-41620967.83918423,6665749.270280372,130949.5188750154,-486.4537089198541,-3036.943473592863,1.1130418463792964
2022-11-30 10:00:00.000000Z,0.0003384551866614,42165918.31242504,0.1791847040062342,87.59479209390275,80.2821663069744,33.12375373900711,0.0461604617353367,-17.96696099666307,35775827.80331059,-39353739.64868724,-15107127.004410077,120982.67498297396,1101.6480192047588,-2871.386590403439,-3.8190839298608905
2022-11-30 12:00:00.000000Z,0.000317757762345,42165360.92728349,0.1792019754039608,87.59190726562277,80.39939065473983,63.103094905692494,0.0262248018975846,-17.955414784158027,35781159.30356169,-26477568.868654147,-32807597.59844686,78428.6863078836,2392.3951642487623,-1931.9350334155545,-7.729910802682432
2022-11-30 14:00:00.000000Z,0.0002950294824947,42165092.100322425,0.1793826811794724,87.57170361484512,80.06375034274393,93.54373714833888,-0.0008258774004542,-17.952761691974036,35787720.36281204,-6465889.220126452,-41667152.38284343,14698.251408138898,3038.0530354445395,-472.3632307847415,-9.565741405290904
2022-11-30 16:00:00.000000Z,0.0002710708650521,42165499.66340667,0.179714515341429,87.58950644309601,80.52048163087855,123.14493183660574,-0.0277838927388408,-17.959177979171393,35793609.86009416,15287936.964618737,-39303083.81157415,-53094.9630174412,2865.2810630209533,1113.7873243781005,-8.832413229307326
2022-11-30 18:00:00.000000Z,0.000247795646349,42166313.23246753,0.180038740712997,87.67267903134375,81.20171361757986,152.44944654821649,-0.0474551316894525,-17.972392940176366,35797439.479542725,32925903.72452772,-26356265.300842512,-106740.16304286908,1921.2053114136568,2399.549762356666,-5.725795365562503
2022-11-30 20:00:00.000000Z,0.0002389300393661,42166658.500628255,0.1801819577428379,87.7850705139688,80.70144133306691,182.90289656972936,-0.054565670044603,-17.988947108681103,35798583.46706566,41701127.77715357,-6314611.300622039,-131810.3216676758,460.1704402393213,3039.195356840986,-1.076669279284587
2022-11-30 22:00:00.000000Z,0.0002524067811541,42166139.675703466,0.1801588426351986,87.85386185432571,80.38938616875117,213.21207440839163,-0.0471528246010145,-18.005156404169703,35796906.354674265,39252251.47934931,15426609.06568576,-121520.72529348296,-1124.761458773318,2860.768847236373,3.8710523623909774
2022-12-01 00:00:00.000000Z,0.0002760944763236,42165376.80611608,0.1801730226018148,87.85327826514079,81.10149315047603,242.5705254580409,-0.0271028021678335,-18.01731621140107,35792600.06919026,26237203.719779264,33014754.79176745,-78559.29323076985,-2407.2149329684125,1912.0974040770147,7.78970241422438
2022-12-01 02:00:00.000000Z,0.0002991822709079,42165102.24368004,0.1803618531254306,87.83208549574658,81.4385145013748,272.3320702724316,0.0003061401973174,-18.022088173005425,35786448.15588714,6157563.638707868,41712545.40268776,-14402.499153463852,-3041.819716696258,448.10459094434367,9.621907637602762
2022-12-01 04:00:00.000000Z,0.0003216192887697,42165426.58292257,0.1806486326811185,87.84667417937963,81.2245772896161,302.6180298977745,0.0277706734218316,-18.01762256997837,35779976.51325661,-15580413.012409844,39173388.64626511,53729.93188291144,-2857.110541052407,-1137.265718903483,8.867162165147922
2022-12-01 06:00:00.000000Z,0.0003421532126467,42166004.869179554,0.1808646337720258,87.90075739912369,81.50749657009884,332.376146968323,0.0479056067592543,-18.00463725708167,35775084.14052156,-33119131.500239044,26076917.48237629,107492.1018609312,-1902.1964408866213,-2416.7070377793007,5.721175041532444
2022-12-01 08:00:00.000000Z,0.0003535566599195,42166402.104059525,0.1809351967599592,87.95405452925631,82.6139551076123,1.3165648621578323,0.0552451696554486,-17.98658650112094,35773360.844460346,-41729170.6922086,5950425.350395242,132364.45852979543,-434.2079561856085,-3044.861503678856,1.0270422023239216
2022-12-01 10:00:00.000000Z,0.0003493905531278,42166305.13889772,0.1809330221639103,87.97069345534806,83.62054828571686,30.39330293284841,0.0477469171607458,-17.968739023376468,35775458.97510612,-39088199.863256745,-15780478.40554796,121594.10327181898,1150.826517500453,-2852.076226983136,-3.950828955554182
2022-12-01 12:00:00.000000Z,0.0003318356361964,42165719.140532106,0.1809863693651111,87.95254869084191,83.23068161940307,60.89571710671547,0.0273695701852695,-17.956470435670635,35780772.83995211,-25909692.935210407,-33257411.211356785,78038.48217861813,2425.257967546367,-1890.5826765670784,-7.869421851455865
2022-12-01 14:00:00.000000Z,0.0003099019015858,42165099.04950343,0.1811556119095567,87.93340155571093,81.43797575142922,92.79282870850672,-0.0004448676153388,-17.953357553720753,35787594.69810709,-5748622.301922507,-41772025.2282784,13401.28944249798,3045.727129005548,-420.11354671054346,-9.671532741371418
2022-12-01 16:00:00.000000Z,0.0002865983819759,42165120.738932535,0.1386213964738074,85.5893581432419,82.38124627090409,124.26920009601172,-0.0157787444731001,-17.9598898634009,35793785.912867144,15961339.337638795,-39034659.39526476,-45765.45420440298,2845.705929523481,1162.8351040960706,-6.648164073850452
2022-12-01 18:00:00.000000Z,0.0002595200084134,42165922.83600111,0.1388004837197335,85.65441027448361,81.88749839347959,154.76632435291418,-0.0169876713006079,-17.973594436114805,35797684.01397298,33374104.76598758,-25786851.772875912,-85350.78882821332,1879.672106744735,2432.184323780563,-4.094019082895168
2022-12-01 20:00:00.000000Z,0.0002393634998942,42166727.380408,0.1388598008056128,85.72252305873015,81.14122139450568,185.50976021059648,-0.0137344916543323,-17.99045618503937,35798636.902884886,41803566.44174402,-5597470.559658718,-102043.30523546762,407.8725851517579,3046.65351847228,-0.4350216578121421
2022-12-01 22:00:00.000000Z,0.0002417491045425,42166635.34147006,0.1388559310531036,85.7433820039642,81.1207191795435,215.57549741441863,-0.0068458777834472,-18.00649670762947,35796788.5873588,38981433.002850674,16098567.976284644,-91315.00849518742,-1173.7568323785738,2841.047220284709,3.347800981055563
2022-12-02 00:00:00.000000Z,0.0002613289301056,42165806.59554196,0.1389233774141922,85.7159007449473,83.3101154409841,243.48386731823533,0.0018973124693933,-18.018347055433207,35792586.78455763,25666070.79490477,33460717.547025844,-55997.32649797865,-2439.7128370148366,1870.4880559189976,6.237780285260048
2022-12-02 02:00:00.000000Z,0.0002841661334537,42165124.05635666,0.1391129801781005,85.6915533851058,85.77753850484153,271.1180532689651,0.0102090105554896,-18.023220413684932,35786749.85700091,5440026.202007159,41812483.396587,-5544.2041505979605,-3049.0490305291355,395.8175637258348,7.454321457259828
2022-12-02 04:00:00.000000Z,0.0003069863157452,42165123.52534,0.1393303190666355,85.7100767662135,86.990975830236,299.97201861482154,0.0158836707480043,-18.01942827573285,35780516.96288074,-16250941.6039353,38900602.052290864,46484.17480075607,-2837.128282041236,-1186.1201150887366,6.664174086512672
2022-12-02 06:00:00.000000Z,0.0003306803772695,42165699.42628208,0.1394552447323081,85.75406736003525,87.67489852458499,329.33833537749433,0.0173801200854625,-18.007331232125882,35775567.23134448,-33562031.73172739,25505242.59599016,86060.53937193067,-1860.4119079599056,-2448.9635871750697,4.074422010085472
2022-12-02 08:00:00.000000Z,0.000349405357167,42166369.93104079,0.1394770776721153,85.7743202828167,88.82681779681171,358.2657987461494,0.014247307164892,-17.989828853050103,35773506.52027558,-41825284.24667975,5234132.8877139855,102479.00959930629,-381.8838053698,-3051.8537337672988,0.3796821011085797
2022-12-02 10:00:00.000000Z,0.000353430815193,42166597.138345584,0.1394975612552727,85.74567454416703,89.98953134895675,27.23183494851117,0.0072668680446834,-17.971859132611332,35775207.87336862,-38811715.98890649,-16448308.634683987,91263.5681363916,1199.617701894725,-2831.932174600195,-3.4241467192551767
2022-12-02 12:00:00.000000Z,0.0003406426394071,42166128.580244906,0.1396178056798317,85.69357911372894,89.61096706627185,57.75756569465105,-0.0017370076192065,-17.95892335586829,35780325.06930343,-25335014.25045782,-33696734.38550424,55396.11106519667,2457.386862387192,-1848.7140454162409,-6.309520292784853
2022-12-02 14:00:00.000000Z,0.0003205599390408,42165294.103809945,0.1398318628370303,85.66609550675673,87.02541003216444,90.45657452230913,-0.0103751720255189,-17.955090260643672,35787260.4801378,-5030483.230308915,-41864244.441158965,4521.007501287581,3052.5252303370426,-367.7904131312479,-7.496312090318483
2022-12-02 16:00:00.000000Z,0.0002998017526284,42164894.86137266,0.1400330328941119,85.68338594769166,83.98051075894291,123.56006000493286,-0.0163293143514833,-17.961347534898444,35793743.37278081,16629418.72226143,-38754711.40138982,-47656.94821912369,2825.324380370776,1211.5024123997969,-6.662759357411875
2022-12-02 18:00:00.000000Z,0.0002733593133171,42165477.80944954,0.1401252045809505,85.71522236719403,82.06064417954195,155.51628512562593,-0.0179723242762167,-17.97528547276236,35797830.13870915,33812104.11712829,-25210042.408754893,-87067.96036691936,1837.620540126798,2464.076665610629,-4.031371869551148
2022-12-02 20:00:00.000000Z,0.0002460606490547,42166552.26851399,0.1401282656780009,85.71058940088837,80.35887711992261,187.28764839450056,-0.0148079492969104,-17.992455256418257,35798706.94258802,41893562.26963816,-4879035.032497861,-103064.77994723408,355.4861138096544,3053.197795670032,-0.3084723334989775
2022-12-02 22:00:00.000000Z,0.000237156611594,42166955.59497049,0.1401660769106777,85.6523279450912,79.51580855749339,218.25514004761263,-0.0076170921597036,-18.00842783005827,35796670.435179874,38699205.49267579,16765367.350720327,-91290.71016563682,-1222.3830615892869,2820.488917316928,3.5048629301850696
2022-12-03 00:00:00.000000Z,0.0002493547640863,42166287.417663775,0.1403335568882741,85.58022228395471,82.15158628563353,245.7621162437618,0.0017281777982813,-18.01991486098202,35792464.65793735,25087562.05739571,33896472.73585851,-54865.96679703392,-2471.485810855513,1828.344311569517,6.38047770150639
2022-12-03 02:00:00.000000Z,0.0002691927746496,42165318.77631968,0.1405869292818818,85.54819743394565,86.5437865248708,271.4793453952182,0.0107440744670172,-18.024645499601988,35786885.68998498,4721052.866639491,41899890.0413419,-3568.9716732695238,-3055.389812663552,343.4328072424192,7.539830538252809
2022-12-03 04:00:00.000000Z,0.0002905521836303,42164936.6633525,0.1407901531426283,85.56568650312322,89.63469238021827,298.45644999706565,0.0169918812746301,-18.021279897702566,35780959.3728319,-16916603.590374146,38616260.17936784,48780.53994707933,-2816.322714408232,-1234.610806689021,6.665154110598429
2022-12-03 06:00:00.000000Z,0.0003150487879538,42165367.78660387,0.1408593930513846,85.58863509914484,91.23181053002686,326.92978023827294,0.0187387228604905,-18.010015674666043,35776097.3945314,-33995045.232048914,24926063.17819366,88041.49257254794,-1818.089506406408,-2480.482647991559,3.987415749670507
2022-12-03 08:00:00.000000Z,0.0003389794654813,42166202.57779691,0.1408488627065267,85.56506154645682,92.7174273834681,355.56664401015496,0.0154404573379101,-17.99324148073005,35773814.84082504,-41909165.03243417,4516436.9199282825,103574.57777339211,-329.46302874091896,-3057.928188147718,0.2262014847639502
2022-12-03 10:00:00.000000Z,0.0003507557181881,42166748.66272424,0.1408998331008749,85.48736190545493,94.23340526587955,24.22830035038349,0.007910166951048,-17.97544108305439,35775123.321382225,-38524033.677657895,-17111045.5469344,91132.7677809156,1248.0317788431912,-2810.9446443898605,-3.6034851070021663
2022-12-03 12:00:00.000000Z,0.0003437673786733,42166503.59545796,0.1411017664072039,85.40260053146275,94.20468572732898,54.43731784423806,-0.001880611839145,-17.962039894916142,35779932.831891656,-24753266.303289443,-34125880.79904223,54027.37002370485,2488.77451869222,-1806.309280679808,-6.465928066963552
2022-12-03 14:00:00.000000Z,0.0003261862029393,42165601.630011655,0.1413963764014279,85.36715592046774,91.3697000499215,87.39446834315267,-0.0113193742920995,-17.957454957283403,35786834.91219987,-4311311.017521817,-41943979.8846029,2244.243688048503,3058.427204729947,-315.3752046436796,-7.585903632002478
2022-12-03 16:00:00.000000Z,0.0003083616285939,42164851.59185391,0.1416237509941061,85.3875542202538,87.1554191526643,121.6647505298347,-0.0178489876509571,-17.963189262397872,35793537.076097295,17292263.97552023,-38463296.47514689,-50250.09339049738,2804.135599659404,1259.802491860069,-6.658418553092248
2022-12-03 18:00:00.000000Z,0.0002855825874459,42165089.70351635,0.1416824737149259,85.40558339064322,83.85233573252087,155.018022668647,-0.0196535095019502,-17.977103976963104,35797867.1025442,34239990.89618338,-24625807.09675823,-89275.46518909068,1795.051130720355,2495.2378100122964,-3.930341989419104
2022-12-03 20:00:00.000000Z,0.0002561824539825,42166214.2984027,0.141654031410741,85.35191430949605,80.96764268226269,188.02109727911235,-0.0161530037347649,-17.994524174617496,35798773.809461474,41971203.30950945,-4159210.036492884,-104258.86264002068,303.0097622006404,3058.8341871235243,-0.1338502902411952
2022-12-03 22:00:00.000000Z,0.0002386604858742,42167064.23636664,0.1417394150108425,85.2254863056307,78.58621578137753,220.59508180919173,-0.0081837632465427,-18.010528635044533,35796567.7936575,38405639.15127801,17427114.168794237,-91090.75193766489,-1270.643656668242,2799.091221552404,3.7087964807783234
2022-12-04 00:00:00.000000Z,0.0002425539468303,42166735.115784585,0.1420315165698324,85.10528599408688,80.36616811553063,249.0063326398036,0.0021861957712476,-18.02166125526494,35792260.18066512,24501716.83460429,34322083.76901268,-53256.75706285961,-2502.539025111966,1785.6576342008002,6.558669029419038
2022-12-04 02:00:00.000000Z,0.0002569412929744,42165654.191797584,0.1424003829261411,85.06219760536084,85.93241835531207,273.5609367971841,0.0121812907244766,-18.02603068697144,35786841.513263226,4000637.010867325,41974758.0766257,-926.6490806177908,-3060.849677312705,290.9393742059734,7.641321889043963
2022-12-04 04:00:00.000000Z,0.0002746373496739,42164902.2079225,0.1426439494591595,85.08446145373568,91.05055293618896,298.50593128006767,0.0190631646841596,-18.02277166107325,35781236.17555182,-17577462.614648275,38320267.14088325,51774.88147956023,-2794.701079919242,-1282.751558978568,6.658484313192735
2022-12-04 06:00:00.000000Z,0.0002975094209232,42165076.36903993,0.1426938095489031,85.09922902944383,94.04136929351262,325.593103117407,0.02088895564108,-18.01214831767788,35776588.3912643,-34418265.89442311,24339179.116901807,90583.16653250143,-1775.229381805105,-2511.2784738063515,3.8707071806794096
2022-12-04 08:00:00.000000Z,0.000324079208144,42165950.8066782,0.1426659100057298,85.04555750167606,96.19135046309242,353.5949081161805,0.0170617477752609,-17.996166256179794,35774233.94300643,-41980873.36676534,3797055.5843154313,104958.13742518262,-276.93663802208835,-3063.0919602997096,0.0282918900953227
2022-12-04 10:00:00.000000Z,0.000342307395603,42166767.66119254,0.1427497198029525,84.9286845897472,98.24416757508511,21.75846243635729,0.0085169382035699,-17.97880197979389,35775224.339297175,-38225135.434843615,-17768979.183285873,90950.17008451044,1296.079695353166,-2789.108779949712,-3.8307437366826633
2022-12-04 12:00:00.000000Z,0.0003415058985698,42166806.60940782,0.1430366072359112,84.8155046185984,98.80674790932538,51.40477675244238,-0.0025093208259954,-17.965223070371977,35779683.54514008,-24164373.530602388,-34545074.19570464,52285.74919303622,2519.425202487825,-1763.3563588588224,-6.661717491025262
2022-12-04 14:00:00.000000Z,0.0003269932974913,42165970.07380845,0.1434293430346024,84.77332109987105,96.1552511264931,84.18580412538262,-0.0130696966899701,-17.960011584664397,35786431.85093319,-3591027.363188307,-42011372.13152628,-628.292870223313,3063.430386549611,-262.8581248875605,-7.696802077655685
2022-12-04 16:00:00.000000Z,0.0003119499321688,42164974.55850527,0.1437206137271373,84.80230918103685,91.19322284156355,119.19585952534084,-0.0202931345777868,-17.965130214357508,35793250.598289266,17949903.440917496,-38160503.59537498,-53512.13513932962,2782.1305833922465,1307.7401334709446,-6.652835131800507
2022-12-04 18:00:00.000000Z,0.0002943014961421,42164826.447335295,0.1437909276021398,84.82438388429505,86.67836973556405,153.7570674852601,-0.0221554926854074,-17.978832870028306,35797818.860873446,34657750.161661945,-24034207.50395053,-92064.64151695967,1751.9612110410349,2525.6713479649866,-3.8070606480759497
2022-12-04 20:00:00.000000Z,0.0002672086606769,42165807.43273615,0.1437561976913653,84.75085993265722,82.68367044789755,187.88983644261089,-0.0180305903652623,-17.996419501346654,35798830.79102899,42036476.70459783,-3438028.6224805927,-105817.40000762156,250.4463455665424,3063.566775829373,0.0774773706701603
2022-12-04 22:00:00.000000Z,0.0002451949550041,42166966.80389595,0.1438851728806578,84.58168070740084,78.66299791546624,222.1457055076033,-0.0088866232905879,-18.012536360384054,35796494.51369615,38100754.91283096,18083797.81963028,-90965.72925815324,-1318.5322823600509,2776.855902750679,3.954881815425989
2022-12-05 00:00:00.000000Z,0.0002422883210218,42167071.56699077,0.144300133578059,84.42300580949392,78.56347811304079,252.4751944119542,0.0029217162371111,-18.023378067806167,35792008.72168017,23908608.270105023,34737544.473365664,-51426.94499056391,-2532.864948057638,1742.4279541073204,6.775342947030781
2022-12-05 02:00:00.000000Z,0.0002502560892326,42166067.02012181,0.1448122087407527,84.37045789106767,84.08943292011398,277.0800675544889,0.0142385591436803,-18.027233861787398,35786626.78207664,3278895.9008238027,42037080.55547805,2175.100694226501,-3065.4247266864213,238.33710312140937,7.7694478094821156
2022-12-05 04:00:00.000000Z,0.0002620956345063,42165020.9532576,0.1451412841860646,84.40395512465236,90.8810690604685,300.3405556385692,0.0219502783901357,-18.02374620387684,35781299.37688397,-18233394.481496338,38012607.59870397,55358.66404900108,-2772.26504245206,-1330.545178151578,6.660553931203634
2022-12-05 06:00:00.000000Z,0.0002807651930522,42164869.45415048,0.1452079877423415,84.42482142652851,95.58369079877043,325.7094858735624,0.0238571186003194,-18.013459859537114,35776950.59378704,-34831588.2843651,23744538.04054177,93704.63088473555,-1731.833948588891,-2541.3583380572727,3.7426058769798
2022-12-05 08:00:00.000000Z,0.0003070702774244,42165659.612341285,0.1451781264069341,84.35873312885737,98.75533047053672,352.70134035905016,0.0193074571228545,-17.99818620312804,35774679.64063947,-42040308.14337072,3075880.5440526926,106773.70630861036,-224.30316089903536,-3067.35212551654,-0.1984071622421557
2022-12-05 10:00:00.000000Z,0.000329692893864,42166666.7442109,0.1452922418845685,84.21775452262325,101.55035923133786,20.14618528512081,0.0094064536002082,-17.981425550341438,35775477.72102356,-37914900.93197119,-18422248.76031396,90950.16191036189,1343.764237327901,-2766.4254237823448,-4.096991321355818
2022-12-05 12:00:00.000000Z,0.0003347584671485,42167006.8219726,0.1456556562694869,84.08504001586374,102.89502208563228,49.02983774917157,-0.0032594450186663,-17.967961129026023,35779611.904347375,-23568210.9944053,-34954437.18867873,50438.29981139935,2549.3365146905485,-1719.850622316125,-6.896919552616643
2022-12-05 14:00:00.000000Z,0.0003237777074983,42166341.20656718,0.1461464378775798,84.03959333465583,100.76925786551756,81.28879343196138,-0.0153072221595119,-17.96235240910034,35786132.158194035,-2869549.233058438,-42066510.02635815,-3862.3344447515874,3067.526125670604,-210.23556476210783,-7.837853522279728
2022-12-05 16:00:00.000000Z,0.0003112298671762,42165224.24266571,0.1465192891689315,84.08120607878284,95.47713814547627,116.61688431754516,-0.0234635596233847,-17.9669022121985,35792963.41597775,18602353.86519522,-37846411.42402837,-57297.38255292457,2759.300925836548,1355.3146652429105,-6.661207565980867
2022-12-05 18:00:00.000000Z,0.0002989781182453,42164717.94107513,0.1466307309374759,84.12080926217024,89.99046845053215,152.13269107143893,-0.0254442778563329,-17.980293629042627,35797724.52490501,35065359.06528606,-23435331.99007639,-95410.43256479656,1708.3486986104206,2555.3761906939744,-3.679130227673789
2022-12-05 20:00:00.000000Z,0.0002772612667905,42165420.70874956,0.1466074543772794,84.05444824402255,85.0869086314958,187.16707055310405,-0.020573786540246,-17.997966934995723,35798883.15344537,42089369.79689373,-2715575.4107415425,-107838.21714525114,197.8004836611453,3067.397834426256,0.3096000437261942
2022-12-05 22:00:00.000000Z,0.000254952410196,42166711.07307501,0.1467656733884922,83.87310206129703,79.75885277167507,222.74231442521125,-0.0099927051765811,-18.014259491849657,35796468.127270766,37784591.36279605,18735358.86290312,-91112.08071075828,-1366.0395112343122,2753.787276719219,4.232066359618249
2022-12-06 00:00:00.000000Z,0.0002481898327083,42167246.99426261,0.1472754317373184,83.69412727159796,77.444984803304,255.3066281168751,0.0035922743788567,-18.02492517302622,35791762.09200925,23308354.71098879,35142830.37965416,-49628.588080642345,-2562.4514996473363,1698.6608714304728,7.026373905340795
2022-12-06 02:00:00.000000Z,0.0002508764366203,42166485.90320188,0.1479289640305986,83.63716996376871,81.68832689928915,281.19908636726524,0.0165730061911087,-18.02821853691656,35786291.793593705,2556026.342001263,42086883.40334645,5483.764506595822,-3069.1065238963865,185.63431779219565,7.92828690619471
2022-12-06 04:00:00.000000Z,0.0002556875070385,42165271.55356975,0.1483709793845926,83.68745778296154,89.22637575266835,303.6968758308728,0.0253897821581974,-18.024226101083613,35781151.287339374,-18884173.840742644,37693368.72622297,59337.707041129564,-2749.015529956838,-1377.9839821696787,6.683250198725172
2022-12-06 06:00:00.000000Z,0.0002676539247444,42164776.82409072,0.1484845109288433,83.72789253424689,95.5632512283386,327.4119909334042,0.0275248497946978,-18.0139320392966,35777130.12686731,-35234823.41762318,23142262.075575653,97318.4301704124,-1687.9113776012366,-2570.7208722409923,3.6202795510045136
2022-12-06 08:00:00.000000Z,0.0002906078738187,42165375.354927294,0.1484646299511602,83.6679511021706,100.02423761212388,353.107841267558,0.022236079147286,-17.99916844131731,35775073.26400492,-42087344.25566785,2353018.029059904,109063.97397264597,-171.57112350347353,-3070.713897522571,-0.435698868268802
2022-12-06 10:00:00.000000Z,0.0003149564133551,42166472.71981594,0.148600649568325,83.52008676526474,103.7706179972812,19.607566189941664,0.0108012329435473,-17.983062146144228,35775824.748935185,-37593256.84190193,-19070794.322844703,91296.11896978698,1391.079517094205,-2742.9013973579604,-4.387663168727376
2022-12-06 12:00:00.000000Z,0.0003247510566351,42167089.3914883,0.1490215280673243,83.37880911065307,106.05613353255616,47.55857584703971,-0.0037995658519032,-17.969951862933577,35779708.89497594,-22964745.07539375,-35353954.22930365,48728.54513500977,2578.5027671958205,-1675.7975870359878,-7.164322643011784
2022-12-06 14:00:00.000000Z,0.0003174831179245,42166666.78498689,0.1495957674801566,83.3340276358414,104.73263736209093,79.01473161719834,-0.0176744357934193,-17.96421050013908,35785974.671176806,-2146888.338243898,-42109418.56096827,-7195.041242382411,3070.7077050570256,-157.51374356951527,-8.010987317242002
2022-12-06 16:00:00.000000Z,0.0003071707456628,42165550.4929145,0.1500500182936362,83.38989101142784,99.51380083463488,114.25571938679876,-0.0270645933919692,-17.96832949331568,35792731.00925646,19249561.09187752,-37521097.23204122,-61388.32587371147,2735.642428875944,1402.5180325380009,-6.693865007111134
2022-12-06 18:00:00.000000Z,0.0002998206100047,42164762.31159971,0.1502160354617147,83.4546063178826,93.3519894922626,150.42188676999896,-0.029355553516438,-17.981389064875614,35797618.81527096,35462755.80714512,-22829312.0713994,-99191.86748434015,1664.2160281491367,2584.346326094349,-3.562403633870619
2022-12-06 20:00:00.000000Z,0.0002850662382487,42165121.54412327,0.1502119969228664,83.41483173827181,87.77575969456143,186.10232777841247,-0.0237836788021694,-17.999083832855256,35798936.252670765,42129861.90454691,-1992002.2085254453,-110322.05671452273,145.08072417340418,3070.328161759277,0.5452655560946977
2022-12-06 22:00:00.000000Z,0.0002658872721458,42166367.30181156,0.1503780172103519,83.24843029041195,81.6427609599931,222.46735310705333,-0.0116624817949437,-18.01559335862022,35796499.24317644,37457204.64485367,19381675.960069902,-91647.92479645906,-1413.1528952039246,2729.8926027722105,4.525571920317475
2022-12-07 00:00:00.000000Z,0.0002583033469371,42167250.13280308,0.1509366121109489,83.06906026635258,77.42095417897254,256.9400320153956,0.0039173220123899,-18.026228834731462,35791571.72318926,22701110.934272643,35537889.43619835,-48068.29105794226,-2591.284237058933,1654.368319742499,7.302371273537364
2022-12-07 02:00:00.000000Z,0.0002583870024584,42166843.78724655,0.1517009134874363,83.01370322745811,79.64526235894823,284.85042374632,0.0188469452350952,-18.02902317049936,35785911.71544137,1832278.3999889512,42124217.3004609,8750.542607318554,-3071.884460478353,132.84755088724197,8.115781801316306
2022-12-07 04:00:00.000000Z,0.0002569689164258,42165614.06111242,0.1522609655092667,83.08352124567878,86.74944915333062,307.7632113151366,0.0290642010828936,-18.0243644339926,35780839.822876915,-19529513.20151751,37362727.562994175,63477.98338594908,-2724.9537087659023,-1425.050647571591,6.732719910754481
2022-12-07 06:00:00.000000Z,0.0002605975733118,42164812.220148526,0.1524408105716882,83.1535371407746,94.11063440136697,330.42475375069193,0.031671550541998,-18.01375129186237,35777118.13350818,-35627739.80869614,22532630.49403128,101261.86371043773,-1643.4752887385998,-2599.356391639903,3.5170179417076146
2022-12-07 08:00:00.000000Z,0.0002772358856146,42165139.88403853,0.1524376834450545,83.11620142262029,99.8504995082281,354.8188664883691,0.0257796263963703,-17.999240128113264,35775360.93390849,-42121870.70441367,1628773.030556183,111778.69033191408,-118.75878641745464,-3073.1799059510554,-0.6662983369153567
2022-12-07 10:00:00.000000Z,0.0003002424704204,42166219.67855437,0.1525818905056995,82.97780006469324,104.67574925847391,20.22965665639207,0.0128040264085947,-17.9837364551143,35776203.08347498,-37260215.35108197,-19714366.945774168,92063.57493842913,1438.0104640028142,-2718.5487008013133,-4.68586366749506
2022-12-07 12:00:00.000000Z,0.0003129326620289,42167057.80483472,0.1530339438423508,82.83840663632792,108.02620144715569,47.11333309543736,-0.0038817888264879,-17.971139572771875,35779938.42027833,-22354076.44084689,-35743479.80594167,47338.9124707938,2606.9144899222706,-1631.2132539034037,-7.451789300789968
2022-12-07 14:00:00.000000Z,0.0003090298423122,42166910.93547205,0.1536661366513938,82.7973819779036,107.71265388916484,77.55566983689825,-0.0198410725860048,-17.965512762827984,35785962.07197518,-1423195.166532068,-42140071.87987047,-10383.30281113482,3072.970778264486,-104.70964806955698,-8.211840870591784
2022-12-07 16:00:00.000000Z,0.0003007151298716,42165901.231537625,0.1541887476329454,82.86647194292235,102.94241752081854,112.33508323240356,-0.0307664018286634,-17.96937935139106,35792579.63293894,19891364.972702198,-37184656.0367597,-65542.10553969184,2711.157041982513,1449.334154193475,-6.755191232921554
2022-12-07 18:00:00.000000Z,0.0002973203882779,42164934.89616074,0.1544091125249991,82.95757282559187,96.44440336697734,148.81136790603765,-0.0336399433818961,-17.98213795751187,35797521.46157761,35849821.02599048,-22216341.80036575,-103225.29376218452,1619.5725147839416,2612.571295941739,-3.468517380756048
2022-12-07 20:00:00.000000Z,0.0002898289324009,42164947.63775461,0.1544243188944379,82.95433743387986,90.44049918743912,184.8829771931605,-0.0275474594331453,-17.99979884936571,35798986.88561397,42157921.00105883,-1267542.7695886071,-113185.87501986812,92.30133945536208,3072.357714640164,0.7688168527397125
2022-12-07 22:00:00.000000Z,0.0002760609316301,42166008.836779,0.1545757620201772,82.82104548638364,83.98121120781049,221.54095690722744,-0.0139395179924146,-18.01653395979992,35796583.04365575,37118671.11610258,20022554.51880257,-92605.45582914355,-1459.857040826956,2705.182337357965,4.819667089283989
2022-12-08 00:00:00.000000Z,0.0002700306498716,42167103.188538894,0.155131294784049,82.657576244388,78.4839188744995,257.2731084139797,0.0037130767999495,-18.02728275657085,35791471.73523212,22087062.459965143,35922630.400382504,-46881.57553940584,-2619.348514940092,1609.5681032149105,7.590833231940479
2022-12-08 02:00:00.000000Z,0.0002703501226676,42167089.47323699,0.1559555995257601,82.60845055954262,78.60734406528952,287.2784994890435,0.0207803346102325,-18.029730454123108,35785563.713537246,1107930.3891164917,42149140.07863463,11768.97103276557,-3073.748571262425,80.00012155683265,8.325064998455884
2022-12-08 04:00:00.000000Z,0.0002653402885604,42165996.46105876,0.1566169348089637,82.69666384191781,84.36535987496386,311.5197540175319,0.03266092769892,-18.02438054610656,35780441.29859045,-20169103.53537624,37020918.72553634,67549.02333182826,-2700.082212785598,-1471.7206088957134,6.809359002758428
2022-12-08 06:00:00.000000Z,0.0002607736673023,42164972.0787481,0.1568697014744952,82.80063653166441,91.8116523570775,334.0627709082781,0.0360253899119566,-18.01322797567328,35776946.5610975,-36010103.92042851,21916030.42520328,105334.5800501529,-1598.5435642275331,-2627.248844243741,3.440686048951612
2022-12-08 08:00:00.000000Z,0.0002688983751014,42164987.28638554,0.1568852289167508,82.79770619041571,98.419204850879,357.55479433276133,0.0297734446740899,-17.9987123942234,35775522.513595685,-42143817.49197336,903592.1851168243,114796.64133982336,-65.89185028575776,-3074.7503346858057,-0.8765393076451564
2022-12-08 10:00:00.000000Z,0.0002874917459049,42165945.99773995,0.1570213113737136,82.68187286518906,104.24427744149372,21.942709779317862,0.0153985105307082,-17.98369264464881,35776564.31991086,-36915885.87484498,-20352580.167579245,93240.75665297297,1484.534509765775,-2693.3830418797093,-4.975517364424936
2022-12-08 12:00:00.000000Z,0.0003007025928751,42166926.4868811,0.1574747154745086,82.55287903899863,108.6928662085015,47.717258308982856,-0.0033703028232043,-17.971688665251776,35780256.62613514,-21736444.06309379,-36122776.782354906,46369.75401241459,2634.558766744292,-1586.1221012724095,-7.744924582293023
2022-12-08 14:00:00.000000Z,0.0002992732912044,42167054.12922622,0.1581340152295958,82.51726655486632,109.53007721376063,77.00310886593962,-0.021554254641945,-17.966378523856694,35786075.45024973,-698762.1507651033,-42158419.88783481,-13240.579412928477,3074.31337391067,-51.84978381075695,-8.431380135379301
2022-12-08 16:00:00.000000Z,0.0002925893401456,42166230.92970386,0.1587034632699673,82.59631637264455,105.53053148385956,111.00194286843634,-0.034263354965481,-17.97017414673527,35792512.50649899,20527496.409207284,-36837219.4313152,-69533.41525189062,2685.853103186432,1495.7399198910427,-6.843661877106074
2022-12-08 18:00:00.000000Z,0.0002920331510892,42165196.321818426,0.1589691049578175,82.71015618366769,99.04831382034824,147.43993659920983,-0.0380147673250133,-17.982687265889393,35797436.56255194,36226378.06728947,-21596690.09017397,-107302.43750099964,1574.4349800087955,2640.037027861463,-3.4035789300764123
2022-12-08 20:00:00.000000Z,0.0002910854874418,42164909.443640426,0.1589992291746773,82.7443637068429,92.85807076474464,183.6605299575076,-0.0316716950488669,-18.000258983471564,35799020.988673374,42173508.34353899,-542518.8569015481,-116287.31293861268,39.48277000419401,3073.486356335303,0.96850988594929
2022-12-08 22:00:00.000000Z,0.0002838613960186,42165697.30923526,0.1591186909338927,82.65231411503048,86.4432847951614,220.23257475836115,-0.0167598355813937,-18.01718469045427,35796696.53747047,36769093.59853808,20657722.8992801,-93937.84074356672,-1506.133837684929,2679.670022733344,5.10015458519044
2022-12-09 00:00:00.000000Z,0.0002809567578518,42166849.068902336,0.1596256631185209,82.51482665983085,80.3534656396561,256.5310541625456,0.0029065629335098,-18.028151851955915,35791468.318260185,21466425.9097444,36296915.076404646,-46122.56423236679,-2646.630906792791,1564.2829283798062,7.878409833751157
2022-12-09 02:00:00.000000Z,0.0002832736951888,42166830.73697349,0.1604518707128975,82.4742747242115,80.5302753756138,286.47449869611245,0.0221844631452937,-18.030589124401462,35785303.23329089,383377.9339513604,42161694.77204989,14399.47677683318,-3074.6788248653997,27.120033817299785,8.546172752644148
2022-12-09 04:00:00.000000Z,0.0002786676780515,42165997.90792896,0.1611799868295488,82.57597760626776,84.5845674756031,312.4065150937272,0.035918982301708,-18.02471172856156,35779934.88896336,-20802459.774208803,36668182.39404736,71357.88382101172,-2674.3969258420407,-1517.9699266395978,6.908590752640991
2022-12-09 06:00:00.000000Z,0.0002690200767344,42164869.66146465,0.1615001733976557,82.71216290681322,91.32114487418758,335.6278059264207,0.0403126185655125,-18.01278672428047,35776399.8159266,-36381443.7407833,21292805.608005844,109334.1259399142,-1553.1206912679504,-2654.395745796555,3.393320653944195
2022-12-09 08:00:00.000000Z,0.0002689519394457,42164574.83244888,0.1615326307074785,82.74908558064831,98.05276074471412,358.95652426849995,0.0339955510845519,-17.997658646054486,35775099.47538344,-42152696.678521454,177748.32604196016,117953.28639462477,-12.956351781373712,-3075.444758039846,-1.0581163969741167
2022-12-09 10:00:00.000000Z,0.0002815460811114,42165324.84457514,0.1616451680611371,82.66449439160047,104.37397355414453,22.817383536727423,0.0184680825328249,-17.98231257773719,35776244.858756885,-36559544.82091252,-20985295.244510528,94740.14720788722,1530.7039383415251,-2667.414795234828,-5.243992910984667
2022-12-09 12:00:00.000000Z,0.0002934438878175,42166354.03513575,0.1620713846407213,82.55183725581705,109.6541035272724,47.74430119162016,-0.0022482956654327,-17.970062759285472,35779894.632479854,-21110650.320441496,-36491615.11507299,45830.81739427583,2661.508337624809,-1540.482432545666,-8.029916099180825
2022-12-09 14:00:00.000000Z,0.0002933709445257,42166724.80689654,0.1627258298234297,82.5220929985756,111.65864357047514,75.85741038015108,-0.02266902373332,-17.9642981721044,35785561.842994675,28050.107227039523,-42163686.59976012,-15663.649413411704,3074.7751714139144,1.1741124940673302,-8.657992545213231
2022-12-09 16:00:00.000000Z,0.0002873345080283,42166138.12960972,0.1633166462063609,82.60656469718305,108.74818393150372,108.76248753922614,-0.0373194869154514,-17.967343038122298,35791895.00958738,21159594.67385831,-36477085.8909247,-73192.01206903147,2659.6846987364133,1541.8743820613504,-6.952633853122809
2022-12-09 18:00:00.000000Z,0.0002875892492557,42165138.165707335,0.1636134426008877,82.73628901160262,102.69061855102304,144.7607718548462,-0.0422118610648585,-17.979027785562586,35796904.123430684,36593378.18284776,-20967746.524206303,-111227.92073120143,1528.6610682244152,2666.8449878148604,-3.3673446740748503
2022-12-09 20:00:00.000000Z,0.0002909481039588,42164628.77908487,0.1636530762906539,82.80247379423108,96.57565616486885,180.87463480616373,-0.0359204014652047,-17.996070686994877,35798758.07609913,42176315.39431831,186087.406861322,-119452.0371455006,-13.572079741689322,3073.718856693925,1.1384400176678682
2022-12-09 22:00:00.000000Z,0.000289463440535,42165107.80766024,0.1637315568827195,82.75129661981563,90.50814799210588,217.05853663805289,-0.0199724167513211,-18.012988939879463,35796709.56922642,36406759.839264445,21289819.04320757,-95530.27161812034,-1552.1636578069547,2653.2466640053594,5.356790995705649
2022-12-10 00:00:00.000000Z,0.0002896322077874,42166177.45834909,0.1641591256804828,82.64366140959606,84.40609911812439,253.33906335063796,0.0015346781111896,-18.024287448302577,35791538.67858465,20836455.046596788,36662263.89794338,-45758.10783035608,-2673.2295271619582,1518.3193413474276,8.153090592015943
2022-12-10 02:00:00.000000Z,0.0002950255741067,42166796.90665553,0.164934162588999,82.61202221302663,81.51858867094684,286.3378870699802,0.0229793935433583,-18.026754483999326,35785157.0623957,-344734.6422108705,42161881.46510073,16590.720795387904,-3074.6971829974004,-26.014043317991053,8.76787489099638
2022-12-10 04:00:00.000000Z,0.000292790719103,42166300.62490948,0.1656845901441501,82.71995415880608,83.84527888318573,313.9916994117349,0.0386609273648474,-18.020454458330256,35779586.866900936,-21432638.31462805,36303031.60182078,74781.08502818932,-2647.797170916702,-1563.9770293997378,7.021938749620728
2022-12-10 06:00:00.000000Z,0.0002800978133507,42165204.299085,0.1660560002680341,82.88098783317214,89.36398036407779,338.4066502445592,0.0442971999317805,-18.00789609484095,35776085.344331324,-36743806.33333977,20660550.97822628,113091.97447978512,-1507.0412418463804,-2680.866204769227,3.371169927127148
2022-12-10 08:00:00.000000Z,0.0002716976150867,42164643.93587599,0.1661017009884762,82.95689788389717,95.64033634735908,2.151990833497589,0.0382054390238092,-17.99241691154041,35775058.98735274,-42149417.895673335,-551219.7259387631,121074.4330330169,40.18206165564901,-3075.2149593569,-1.2087485106146714
2022-12-10 10:00:00.000000Z,0.0002759579200038,42165123.07428499,0.1661794262206758,82.90724669206429,102.08629991927852,25.85295750031977,0.0218256628312823,-17.977272271274533,35776514.223387726,-36191484.7245816,-21614387.687302317,96425.29709755351,1576.5490206761203,-2640.545545329633,-5.483262883103092
2022-12-10 12:00:00.000000Z,0.0002835897683985,42166104.542096026,0.1665551593455269,82.81431412653642,108.01687583214576,50.10910825920039,-0.0006033428977275,-17.96561988584251,35780296.62949287,-20477158.228695005,-36851288.06773488,45658.71183002333,2687.6939654675048,-1494.2467441283854,-8.294945170846145
2022-12-10 14:00:00.000000Z,0.0002830461487408,42166660.76698472,0.1671757742558222,82.79015907833066,111.10335836609252,77.13409920878775,-0.0231524812180454,-17.960443414869737,35785862.96937929,756157.6835520165,-42157215.37280903,-17626.46725436072,3074.271016071963,54.29719080943789,-8.879226302634914
2022-12-10 16:00:00.000000Z,0.0002773830445469,42166331.77964148,0.1677620706911595,82.87527696106656,109.3406829900568,108.89049300455174,-0.0397914965879818,-17.96374181614729,35791978.66041482,21786225.851015806,-36106414.646277,-76410.10953578405,2632.654145032626,1587.5880115661494,-7.072365727342742
2022-12-10 18:00:00.000000Z,0.0002782404443372,42165453.23481549,0.1680737679377318,83.01265496216591,103.9258931688048,144.23845186117617,-0.0460152699203952,-17.975321873948563,35796835.24674561,36949883.5817256,-20332761.68152178,-114841.42461174275,1482.386216397113,2692.8608476754366,-3.355249003115581
2022-12-10 20:00:00.000000Z,0.0002852231420426,42164812.52647769,0.1681180612756586,83.10176771646746,98.0433110314116,180.09721184935398,-0.0400591005883318,-17.992158053944653,35798701.8998956,42166746.93112096,914430.7389550048,-122508.68860725082,-66.63985444091307,3073.0370936125587,1.2771151596688797
2022-12-10 22:00:00.000000Z,0.0002898786071294,42164992.59530897,0.1681553470420924,83.0853318927367,92.41699892660276,215.80519167249687,-0.0233794429672863,-18.009060382058678,35796767.151534006,36033700.58982723,21915417.07894887,-97241.708905388,-1597.7358319737618,2626.045692769353,5.582911901487245
2022-12-11 00:00:00.000000Z,0.0002945827527794,42165871.92524385,0.1684901337995109,83.00660226073134,86.69266659012415,251.67888395177545,-0.0002837817492254,-18.020572211175093,35791636.18004004,20200376.484352574,37016651.26307102,-45707.92688365827,-2699.0331419728723,1471.9216851158783,8.405056519828623
2022-12-11 02:00:00.000000Z,0.0003034172146458,42166641.96004289,0.1691748281154989,82.9829972612251,83.12819428392474,285.3464830863058,0.0231824029266388,-18.02319305532613,35785115.328905284,-1072542.055440493,42149604.548412144,18346.888013840624,-3073.7859085253704,-79.11960463870145,8.979346287079604
2022-12-11 04:00:00.000000Z,0.0003054386553192,42166502.10083319,0.1699016098346484,83.08937243112997,83.96857695684533,314.488381227391,0.0408008667792355,-18.016672236529622,35779337.76658374,-22056164.446616,35927318.894849844,77747.76443693628,-2620.406245718744,-1609.4969244355498,7.139714176796255
2022-12-11 06:00:00.000000Z,0.0002932195874438,42165568.417460725,0.170300194654754,83.26396570493577,88.10542565258288,340.2721536781852,0.0478079575622607,-18.003584651018308,35775792.92048193,-37095000.41968116,20022516.909692977,116477.26795161444,-1460.527435977878,-2706.5271788960026,3.3675728348932346
2022-12-11 08:00:00.000000Z,0.0002787458905133,42164824.937719926,0.1703544464845449,83.3721761993644,93.43989881439876,4.92747458886273,0.0421834898566912,-17.987706057180933,35774978.090919025,-42133505.46838863,-1279629.8337948848,123997.28777352053,93.284661633945,-3074.0748499799524,-1.3304408633504434
2022-12-11 10:00:00.000000Z,0.0002744489363304,42165002.20551228,0.1703922477772385,83.35649535198739,99.39969537918788,29.08053423549744,0.0252535009837278,-17.972664402641822,35776751.13360649,-35812740.69843123,-22236739.09930969,98138.1868852236,1621.9007892588563,-2612.9082899691325,-5.689993726187374
2022-12-11 12:00:00.000000Z,0.0002760699607549,42165844.12319348,0.170702250971461,83.28438664762682,105.48547245745804,53.16008343260506,0.001400772559251,-17.96158936113088,35780725.50537011,-19837819.70184322,-37199845.501526885,45737.1327904032,2713.059755880653,-1447.5925562470604,-8.531978087242782
2022-12-11 14:00:00.000000Z,0.0002733000937814,42166512.18714282,0.1712657702891981,83.26525761050077,109.40760253510372,79.34371682548421,-0.0230742779961347,-17.957098458935324,35786241.14675375,1483678.733621376,-42138261.87580688,-19175.82009108842,3072.8415466030538,107.37189239251732,-9.08419702653078
2022-12-11 16:00:00.000000Z,0.0002669647415058,42166434.49424978,0.1718236712472581,83.34677616454964,108.81752902778976,109.93070858014474,-0.0416376988808127,-17.960797170222474,35792132.157815784,22405994.286096945,-35725295.72517982,-79153.60082388452,2604.846533686184,1632.7983927719456,-7.191742411047372
2022-12-11 18:00:00.000000Z,0.0002673201979576,42165742.2731096,0.1721336341998125,83.48357794841193,104.27138942919674,144.41061687872514,-0.0492826445871538,-17.972353043856426,35796770.55604598,37295122.92104676,-19692198.9574095,-118036.2482011702,1435.692995173487,2718.0595716100624,-3.3586670249635726
2022-12-11 20:00:00.000000Z,0.0002762180480874,42165064.2398389,0.1721786290802439,83.58505530526139,98.82195636778344,179.8241271755481,-0.0438804176804935,-17.98892369618569,35798573.94919066,42144549.9295909,1641997.4335344983,-125304.0177667319,-119.66021186213044,3071.447990969056,1.3885878511240095
2022-12-11 22:00:00.000000Z,0.0002858956472016,42164988.435103975,0.1721815179708719,83.59412450998875,93.76132756226067,214.9410956018824,-0.0267590399490831,-18.00564828695396,35796732.11536564,35650017.3346972,22534108.935617525,-98909.14693287802,-1642.8112975403053,2598.0876378223875,5.777163476945351
2022-12-12 00:00:00.000000Z,0.0002952027817409,42165608.68184546,0.172426285895983,83.54016273831347,88.71736520049562,250.1095649154203,-0.0023638306843723,-18.01724598177052,35791703.32054284,19558511.68922872,37359844.11310314,-45836.70970528082,-2724.019216219199,1425.1174485792942,8.628173601726578
2022-12-12 02:00:00.000000Z,0.0003074527286336,42166399.37425341,0.1729993683183465,83.52321465018464,85.0005880310378,283.9226245822059,0.0229017277032851,-18.020055768471455,35785139.295494914,-1799719.8501348114,42124844.04964703,19746.81890700864,-3071.951003877049,-132.1670841870784,9.17128873170733
2022-12-12 04:00:00.000000Z,0.0003145568255301,42166580.79715809,0.1736623813720797,83.62126645101978,84.70915233394321,314.2047108571843,0.0423475520202429,-18.01348939802146,35779193.8348819,-22672792.03954089,35541223.96583303,80263.82498830617,-2592.2393563716537,-1654.5044457345475,7.2512663105533885
2022-12-12 06:00:00.000000Z,0.0003059175353685,42165917.15619341,0.1740598306977203,83.79632549568443,87.52276075645445,341.31163340368886,0.0507505564621172,-18.000025608584238,35775560.5851018,-37434916.54613412,19379034.56376619,119420.45821516166,-1413.6017873542908,-2731.3626879654685,3.372597325409018
2022-12-12 08:00:00.000000Z,0.0002885026283858,42165102.153918505,0.1741173025237585,83.92539284534898,91.6973908482694,7.106317835169849,0.0457504894168597,-17.983768251082733,35774893.816894904,-42105030.40669035,-2007086.259503537,126590.292976653,146.32477113656432,-3072.023268121912,-1.430105179830326
2022-12-12 10:00:00.000000Z,0.000276669238903,42164981.90189197,0.1741171235319611,83.93842672075627,96.67369860907992,32.21410688330557,0.0285272790689335,-17.968770390559644,35776974.04019104,-35423569.029779986,-22852006.489080757,99714.49499373196,1666.735942524294,-2584.5186426939194,-5.86614627062608
2022-12-12 12:00:00.000000Z,0.0002714244633064,42165604.70522933,0.1743558209761559,83.88619062211814,102.31154128188142,56.721156281160745,0.0035480280915677,-17.958257500556698,35781185.62352763,-19193021.7846724,-37537105.526175685,45908.1434259797,2737.5937714103943,-1400.5478199151062,-8.737286904451988
2022-12-12 14:00:00.000000Z,0.0002649280576649,42166299.87955663,0.1748466454896261,83.87147600301539,106.64224657005316,82.49102432098513,-0.0225888464145287,-17.95454378513248,35786700.12619961,2210194.6014684103,-42106865.38167772,-20424.306660008107,3070.490165241982,160.3662346200477,-9.264292415304826
2022-12-12 16:00:00.000000Z,0.000256755573197,42166443.550938986,0.175355966928858,83.94607683596402,107.09724771368002,112.03930609605948,-0.0429123077832019,-17.95879647463645,35792366.72654884,23018560.282579668,-35333986.89742622,-81461.59603246792,2576.279936223874,1677.4781855543424,-7.29940215302685
2022-12-12 18:00:00.000000Z,0.0002555062944184,42165980.75985287,0.1756483769354861,84.07492323853536,103.55873045980366,145.51946613551655,-0.051954664242768,-17.970433107598154,35796723.83415173,37628927.03749407,-19046473.424319454,-120768.39207291669,1388.6096695758094,2742.4258881778574,-3.3663819507261987
2022-12-12 20:00:00.000000Z,0.0002646303511218,42165353.240425,0.1756907516666167,84.17806564538583,98.71712109615603,180.3237875913296,-0.0472269750624761,-17.986702371767198,35798374.30888192,42109771.36587192,2368321.658498513,-127722.36236386871,-172.60300322426338,3068.953164865995,1.481124195219548
2022-12-12 22:00:00.000000Z,0.0002778606631824,42165087.02539061,0.1756707102955122,84.20208560924823,94.32818401557329,214.7544639153327,-0.029895361379516,-18.003075606426098,35796574.88389634,35255949.92878913,23145501.54154873,-100374.34329340572,-1687.3683197701648,2569.390417588263,5.94289806711588
2022-12-13 00:00:00.000000Z,0.0002914352108413,42165418.09576488,0.1758406474145322,84.16694631773319,90.19437304554654,248.9940690940984,-0.004483455048255,-18.01456403042908,35791682.96204728,18911203.03337797,37691617.11986434,-45981.95703833187,-2748.1816004926573,1377.9337318645803,8.820303820387904
2022-12-13 02:00:00.000000Z,0.000306879622371,42166108.55992176,0.1762989586243356,84.15517465278042,86.80697895885811,282.47244597404574,0.0223143748232349,-18.017498490356257,35785173.14218721,-2525937.17054445,42087574.4803893,20919.88589604772,-3069.2009990942856,-185.129405703832,9.336847583146287
2022-12-13 04:00:00.000000Z,0.0003190598399972,42166531.63232704,0.1768691844050725,84.24011282248411,85.7984659233334,313.4846592030852,0.043393482973845,-18.010997054263385,35779134.11922395,-23282286.53087271,35144897.9492321,82396.72762901573,-2563.313729244214,-1698.9782049443688,7.346540721510121
2022-12-13 06:00:00.000000Z,0.0003163128961438,42166207.878298365,0.1772367233399452,84.40268580046202,87.4700985409307,341.74625800086926,0.0531106266737545,-17.997318441512615,35775403.93905371,-37763461.84258936,18730379.055890165,121910.79315294175,-1366.286010790741,-2755.3602526716145,3.374945614156797
2022-12-13 08:00:00.000000Z,0.0002994313400679,42165449.07141412,0.1772916534404622,84.53781582086606,90.48524271608822,8.694675824670218,0.0487846773229677,-17.98074959328868,35774831.43841624,-42064063.24311097,-2733267.3026606496,128764.11913843772,199.27937513544208,-3069.060301668248,-1.5178153075053062
2022-12-13 10:00:00.000000Z,0.0002820988726879,42165072.918047935,0.1772623337675306,84.5704657709382,94.19126835966662,35.05311300326333,0.0314429417147784,-17.965768690349737,35777197.562705845,-35024194.74825847,-23459919.263155386,101004.72479002732,1711.035683303023,-2555.390485922544,-6.017957681178365
2022-12-13 12:00:00.000000Z,0.0002701540125402,42165416.04846981,0.1774348686310382,84.53512534838423,98.78740282819136,60.58442337815306,0.0055997014590331,-17.955807689978858,35781682.054731764,-18543091.21867877,-37862936.95744938,45996.98379900065,2761.287342447699,-1353.1363715850998,-8.911455548132858
2022-12-13 14:00:00.000000Z,0.0002590053045177,42166048.00287397,0.1778463259079123,84.52421336502185,102.93530200474936,86.53243008139741,-0.0219108086338415,-17.9529600703508,35787247.632701404,2935362.1532704257,-42063081.75222456,-21528.94446372143,3067.221127913695,213.25330421214196,-9.414084659652795
2022-12-13 16:00:00.000000Z,0.0002478996918722,42166362.88779461,0.1782918123303972,84.58962727185504,104.11811677038816,115.36136532620748,-0.0437517436243282,-17.95793353323223,35792701.087050654,23623656.706626963,-34932727.728044726,-83433.81272046428,2546.970852239877,1721.6043742294007,-7.385197779989401
2022-12-13 18:00:00.000000Z,0.0002439392167145,42166150.44355436,0.1785524105299556,84.70428524018206,101.5937307338479,147.84136095895818,-0.0540550108613993,-17.969791434075663,35796720.63007116,37951182.04555528,-18395957.526604813,-123055.02854630657,1341.1614664246586,2765.946848193528,-3.36611420132452
2022-12-13 20:00:00.000000Z,0.0002516499788443,42165650.94601793,0.1785892960174051,84.79909137745724,97.4915856788308,181.91484927383465,-0.0500041489519057,-17.985764476779273,35798119.01916408,42062491.282617874,3092988.346529169,-129694.30117374044,-225.4410149444451,3065.554202614286,1.565972559985274
2022-12-13 22:00:00.000000Z,0.0002667122586488,42165273.25968551,0.1785602388856012,84.82728348754287,93.87541003545884,215.56910295095025,-0.0326000048461291,-18.001625778252695,35796282.9077309,34851753.48382873,23749245.69265378,-101499.27896498164,-1731.38708250676,2539.970198843665,6.087519370608881
2022-12-14 00:00:00.000000Z,0.0002837668117245,42165319.77602701,0.1786791948396864,84.80406994250075,90.84990824268228,248.68882137605067,-0.0064076915125786,-18.012766296376906,35791528.348010935,18258797.6479446,38011772.78948363,-45971.65237354124,-2771.5152755431973,1330.3950255522202,8.983326363413418
2022-12-14 02:00:00.000000Z,0.0003020037145651,42165810.242524974,0.1790354182875408,84.79602981161774,88.24365541786322,281.3823587143479,0.0216453267673202,-18.0156686752672,35785156.37911594,-3250866.442416872,42037776.9433272,22030.73673809255,-3065.545619095663,-237.982812463454,9.472184491870612
2022-12-14 04:00:00.000000Z,0.0003186675689516,42166363.89413746,0.1794980350761094,84.8653990548384,86.98793139014838,312.6572627121538,0.0441015878605804,-18.009257229250174,35779119.49262806,-23884424.585453384,34738471.9789547,84265.70495922868,-2533.647361664494,-1742.9007943455235,7.416997264197836
2022-12-14 06:00:00.000000Z,0.0003231586032493,42166402.104796566,0.1798103578040383,85.00426688562531,87.78625099999657,341.8159570516048,0.0549507832112768,-17.995500871266238,35775318.77789772,-38080553.5604608,18076777.87538469,123994.10547301846,-1318.6004533154985,-2778.5107989326134,3.363102488504184
2022-12-14 08:00:00.000000Z,0.0003102295360903,42165829.726005234,0.1798570957289662,85.12889903657711,89.79018431609506,9.786303448638566,0.0512304330147188,-17.978710964234864,35774801.88870237,-42010665.8745108,-3457916.104122925,130478.02212446457,252.1292237757627,-3065.1872019344696,-1.605644879221145
2022-12-14 10:00:00.000000Z,0.000290199411049,42165277.21929944,0.1798139254668453,85.16867182382666,92.17414183585646,37.45967619167013,0.0338354211930446,-17.963738854754993,35777425.93329621,-34614802.31303525,-24060269.4347508,101887.94194431008,1754.7859856013326,-2525.535879165436,-6.155126371438351
2022-12-14 12:00:00.000000Z,0.0002727181390949,42165305.79639389,0.1799366297207946,85.14520770869629,95.27142450765,64.47742697282511,0.0073183961279568,-17.954313128429543,35782211.602467045,-17888282.40279388,-38177247.76052575,45829.70142796221,2784.13551900562,-1305.3774795025624,-9.059147208087552
2022-12-14 14:00:00.000000Z,0.0002568624015731,42165783.45476007,0.1802721990643027,85.1373940504348,98.55649957693056,91.2842180837448,-0.0212920541358596,-17.952407920994162,35787886.416585125,3658928.1980297584,-42006966.81307841,-22674.351522481265,3063.0396610132543,266.01221013679134,-9.53177283229125
2022-12-14 16:00:00.000000Z,0.0002421112348461,42166201.22389868,0.1806447680813373,85.19239228577004,99.9402703151114,119.92171782339022,-0.0443589180094391,-17.958277378784334,35793154.750991985,24221101.4406113,-34521715.33378241,-85219.04715475668,2516.93349798943,1765.1593339439169,-7.44118253714613
2022-12-14 18:00:00.000000Z,0.0002344161137765,42166237.95706645,0.1808617451249242,85.28792056647445,98.24172917503957,151.5945960907684,-0.0556858955327802,-17.970537137205643,35796794.84780754,38261833.75338095,-17740950.7831711,-124971.21938692647,1293.3691658412624,2788.612332284502,-3.345780123855416
2022-12-14 20:00:00.000000Z,0.0002391200672854,42165931.31383177,0.1808907674998844,85.36539910101823,94.91035134813804,184.91487772650143,-0.052187646041096,-17.986276087563418,35797839.960829124,42002815.68346903,3815663.998247551,-131202.21369037128,-278.1515773136299,3061.2522844905807,1.6562216937454486
2022-12-14 22:00:00.000000Z,0.0002540853919784,42165528.46894784,0.1808676649856437,85.38736180986697,92.1402987123057,217.72986993058015,-0.0347290509986435,-18.001504342274938,35795863.92838448,34437681.54448706,24345061.162542798,-102178.66215694186,-1774.850651334213,2509.840305262757,6.221760085733767
2022-12-15 00:00:00.000000Z,0.000273306299163,42165325.24257911,0.1809649953228958,85.36879854986768,90.40274990408514,249.5575848305388,-0.0079099820376957,-18.01204526912904,35791210.43360635,17601627.537968125,38320157.72349539,-45639.92768845423,-2794.016182061284,1282.5219839321303,9.123002172930814
2022-12-15 02:00:00.000000Z,0.0002936069453989,42165543.81343319,0.1812445581403519,85.36311184074458,89.01529410990068,281.03023379897246,0.0211476577482482,-18.014686517644616,35785034.6685644,-3974197.90381634,41975448.236822896,23264.71424381007,-3060.99456651372,-290.70754915586747,9.576887066398177
2022-12-15 04:00:00.000000Z,0.0003137099100233,42166099.30107093,0.1816003707355589,85.41680905167209,88.04603724192525,312.03431756089026,0.0446913375566543,-18.008300848791684,35779102.93067683,-24478999.00571248,34322064.09476172,86031.57559845911,-2503.257752907538,-1786.2587382471602,7.456393143633418
2022-12-15 06:00:00.000000Z,0.0003257455540602,42166468.69753655,0.1818395995716938,85.52386392071953,88.32862749545184,341.7405397420326,0.0564056917569163,-17.99455860388449,35775287.359448195,-38386117.51707792,17418419.77799402,125769.18458682943,-1270.5636857661243,-2800.80820595596,3.326373667321892
2022-12-15 08:00:00.000000Z,0.0003197739442608,42166199.29433975,0.1818736279855437,85.62141722118015,89.58014980095675,10.490500501344355,0.0531039822253247,-17.97764312835144,35774803.895688675,-41944889.3496691,-4180828.334889737,131744.02860240458,304.85862588177235,-3060.405947795321,-1.7065681903450045
2022-12-15 10:00:00.000000Z,0.0003003590815432,42165586.30152413,0.1818377012406405,85.65315363105978,90.81191334885216,39.32409687754359,0.0355942811460821,-17.962676969794245,35777650.61255192,-34195535.36914337,-24652896.939129427,102283.26817920126,1797.9773411540712,-2494.964857412785,-6.289939107103266
2022-12-15 12:00:00.000000Z,0.0002793552356101,42165299.55786412,0.1819386645798329,85.63445906042651,92.20132119533208,68.04445867382566,0.0084897780586358,-17.95374569180516,35782755.67637576,-17228777.6823112,-38479969.377839066,45249.1265420925,2806.1371730227743,-1257.2857042785397,-9.188767579312078
2022-12-15 14:00:00.000000Z,0.0002597737491031,42165536.58331819,0.1822134650962702,85.62884605691487,94.00498358961076,96.32947903768827,-0.0209998272229746,-17.95282407997615,35788604.351429634,4380730.637706958,-41938558.586515605,-24056.64161417109,3057.952153547958,318.6285637456375,-9.61948898844751
2022-12-15 16:00:00.000000Z,0.0002414662215972,42165971.888512,0.1825118209280309,85.67326200187756,94.91545054823548,125.4498047213741,-0.0449872313542252,-17.959754210058286,35793738.52469094,24810798.483641777,-34101081.99415541,-87003.40834616803,2486.179502390082,1808.1315706900068,-7.462477273862363
2022-12-15 18:00:00.000000Z,0.0002293744046459,42166233.332932144,0.1826770204364909,85.74616261522074,93.61541947728422,156.74618441184424,-0.0570223710838207,-17.97262978714835,35796982.16896961,38560883.94878714,-17081652.87918241,-126645.7194271391,1245.2480863768833,2810.415465899838,-3.294670811375628
2022-12-15 20:00:00.000000Z,0.0002296240031908,42166169.31245377,0.1826967562188357,85.79857742170633,90.88808084816236,189.4875946227872,-0.0538295836138643,-17.988263722376065,35797582.19342545,41930864.16750443,4536123.765235265,-132284.72147513297,-330.71785633403687,3056.047783352304,1.7656441786193615
2022-12-15 22:00:00.000000Z,0.0002424283499566,42165831.35510419,0.1826950061671845,85.80468068498948,88.91982240990833,221.517340383393,-0.0361989922407541,-18.002802987268215,35795347.19416463,34013965.745642096,24932758.1057726,-102351.60343854057,-1817.7458379851848,2479.0100942042504,6.358886279018678
2022-12-16 00:00:00.000000Z,0.0002619292453179,42165439.64540796,0.1828031402092435,85.78359286718928,88.5853487763284,251.94533473649773,-0.0087932577042223,-18.012514048004782,35790722.94622149,16939986.57411372,38616675.06581121,-44842.52535013061,-2815.6810894978544,1234.3301630477122,9.248742517097073
2022-12-16 02:00:00.000000Z,0.0002829929542164,42165347.009600736,0.1830414570417626,85.77901486782667,88.82387423468647,281.791427347041,0.0210822417666045,-18.014622430923964,35784768.37618057,-4695658.135782326,41900605.82503814,24812.978617260847,-3055.5564739689585,-343.2885868217379,9.654348180914294
2022-12-16 04:00:00.000000Z,0.000305009987901,42165771.57535856,0.1833069201989769,85.81920174538038,88.73740244685197,311.92635466438816,0.0454243195295217,-18.00811883573222,35779039.03343985,-25065828.39305565,33895781.63982977,87886.17109194816,-2472.160668494218,-1829.0424814560824,7.461575301546107
2022-12-16 06:00:00.000000Z,0.0003237816989557,42166387.09548478,0.1834662489609547,85.89069693774327,88.97013882672906,341.7179382303453,0.0576767214632839,-17.994428236578646,35775286.11529116,-38680090.96946056,16755459.24351506,127383.86046448282,-1222.1919576181172,-2822.2487901194595,3.255925979560042
2022-12-16 08:00:00.000000Z,0.0003269402668521,42166504.0671946,0.1834857473859718,85.94687848848909,89.82836480273696,10.902600544194849,0.0544989419650482,-17.977478300575186,35774829.83143441,-41866776.24646484,-4901843.204999671,132631.01935836414,357.4551294336131,-3054.718549800277,-1.833310214266349
2022-12-16 10:00:00.000000Z,0.0003116778332969,42165977.75798832,0.1834830232014525,85.95410656616527,90.2718348833432,40.54899599727886,0.0366799021313786,-17.962514319136474,35777852.93071005,-33766503.22309592,-25237676.38579109,102161.79284187776,1840.6041194031063,-2463.684999091656,-6.43631065098996
2022-12-16 12:00:00.000000Z,0.0002897490380986,42165420.00632269,0.1836023298085036,85.9312221221197,90.05979663119788,70.87458181385597,0.0089458702456477,-17.95399529306812,35783276.97727586,-16564697.529494848,-38771041.72756776,44132.01716893985,2827.294732957339,-1208.870795304647,-9.312024695879485
2022-12-16 14:00:00.000000Z,0.0002682974085245,42165354.78784604,0.1404230797457552,82.96402243830028,93.02547027476598,100.95820911273628,-0.020078544079699,-17.954030502200126,35789365.35892349,5100690.756205381,-41857861.6883859,-24973.07456094048,3051.973430571501,371.0940892452194,-7.312194450948838
2022-12-16 16:00:00.000000Z,0.0002476581051887,42165705.10413469,0.140650597628295,83.0148429395038,92.80989853559925,131.19699241902498,-0.0227035084307422,-17.962130739946456,35794444.71287773,25392779.751873534,-33670880.76443242,-71924.0371477569,2454.723985382911,1850.5156871723152,-5.428735784465929
2022-12-16 18:00:00.000000Z,0.0002312992415507,42166141.19070085,0.1407536900710728,83.08122347212388,91.3037248658538,162.7051925923638,-0.0193359325137481,-17.975856206252434,35797316.035234764,38848465.80754009,-16418149.190674648,-99599.57604171976,1196.8111644212142,2831.352530512165,-2.0808188187349845
2022-12-16 20:00:00.000000Z,0.0002261133194125,42166350.38244248,0.1407609515067595,83.11037243064507,88.74561103846248,195.30054465628015,-0.0108344069436524,-17.991603393830587,35797409.65977993,41846855.8833153,5254263.519958044,-100516.3211901706,-383.128900695019,3049.9397152320826,1.8332843739142184
2022-12-16 22:00:00.000000Z,0.0002348175696917,42166167.661130704,0.1407977566447192,83.08834533245346,87.2737816416327,226.86263333884187,0.0005817803783657,-18.005507313135464,35794799.47396472,33580892.9596608,25512245.43046649,-74377.17610030608,-1860.0653966249895,2447.48469750212,5.26145594136981
2022-12-17 00:00:00.000000Z,0.0002522844930309,42165672.89003105,0.1409534742208179,83.052495105197,88.24514414371487,256.0005334117078,0.0119071757353579,-18.01423093855015,35790106.77155757,16274186.36436658,38901296.219282255,-28166.244742662508,-2836.511210557218,1185.8314310261192,7.279757000031759
2022-12-17 02:00:00.000000Z,0.0002720576991846,42165267.372091606,0.1411928291904238,83.05176556188096,90.37674659571688,283.95048408018056,0.0201379140667943,-18.015541416440733,35784361.876380645,-5414984.984259906,41813318.3069696,25711.06607701736,-3049.243888730798,-395.71186598947065,7.341053766349198
2022-12-17 04:00:00.000000Z,0.000293816835098,42165438.65288869,0.1413942574029019,83.09675728088223,91.76691384536902,312.6042602728624,0.0230674022694695,-18.008738505516995,35778913.247262694,-25644773.51240761,33459784.57650211,72751.97695618849,-2440.3767066932965,-1871.2413896481532,5.423670231108655
2022-12-17 06:00:00.000000Z,0.0003173061805215,42166165.06568573,0.141475364529327,83.14847754444938,92.51597419519464,341.8992345195648,0.019878996118527,-17.995115972254823,35775310.20829084,-38962490.783009306,16088112.738220438,100258.8247800057,-1173.506855053124,-2842.827628176237,2.039538007112125
2022-12-17 08:00:00.000000Z,0.0003304182951744,42166695.82199346,0.1414818776677255,83.15754629286285,93.43505151628324,11.070088995273112,0.0113754577899465,-17.978249643772067,35774885.24970029,-41776482.61716633,-5620732.153699264,100771.55760593445,409.902639903388,-3048.126846840992,-1.901719554761853
2022-12-17 10:00:00.000000Z,0.000322644681646,42166420.66660876,0.141544780675653,83.11739324639073,93.6171617519656,41.025212943362845,-0.0002200058007183,-17.96330457415022,35778018.05322699,-33327940.974755503,-25814419.78110589,74098.71626124688,1882.6612670502689,-2431.70557623932,-5.337355948261001
2022-12-17 12:00:00.000000Z,0.0003026333753294,42165692.21179627,0.1417372393564708,83.07344019333848,92.23082800864442,72.54588000664873,-0.0118430590095438,-17.955060352863686,35783724.21492961,-15896264.404086003,-39050359.396257386,27387.016460223946,2847.6165913872032,-1160.1453189593808,-7.339090064940393
2022-12-17 14:00:00.000000Z,0.0002817343964169,42165257.41895072,0.1419924500144483,83.07301776884093,90.29583946806838,104.56257536181458,-0.0203976431835412,-17.955910094731667,35790104.21025662,5818674.978971971,-41764852.08769109,-26797.775886760843,3045.0993805714807,423.40116863850255,-7.3648562804496605
2022-12-17 16:00:00.000000Z,0.0002610089318521,42165409.53944008,0.1421773825807262,83.1142130446136,88.5821179441132,136.30792839852634,-0.023580249531655,-17.965215493287214,35795228.87413925,25966896.160043515,-33231124.532669947,-73857.68087399748,2422.566398848244,1892.3088290254184,-5.405191160909487
2022-12-17 18:00:00.000000Z,0.0002417629306041,42165937.19317988,0.1422341688077125,83.14903838107426,86.36656754650646,168.5560258846831,-0.0204980361273793,-17.9799752182458,35797791.591195785,39124437.44536095,-15750464.329390056,-101095.46003834908,1148.0612356275974,2851.4226342603183,-1.9852872247494773
2022-12-17 20:00:00.000000Z,0.0002311639524995,42166422.86673124,0.142240613108792,83.1334051825061,83.43728130310251,201.5669977396077,-0.0119163910353825,-17.996056882924066,35797350.49175661,41750688.2097917,5970054.5291163735,-101133.66225490472,-435.37638540042553,3042.9278083596364,1.976276171418936
2022-12-17 22:00:00.000000Z,0.0002345565315375,42166479.654413566,0.1423335065949908,83.07310568493689,81.8475790983414,233.28575882532857,-7.02228997656728e-05,-18.009433582015248,35794253.8999108,33138439.76475314,26083498.652619697,-73906.77567689648,-1901.7962433409637,2415.265728413144,5.413560766963744
2022-12-18 00:00:00.000000Z,0.0002477815568319,42165989.94772412,0.142568498509355,83.02019469811067,83.60987076610938,261.650871113771,0.0119141153544582,-18.01707677395722,35789367.505688205,15604299.9070638,39174016.23454227,-26695.049921843503,-2856.4938932544915,1137.0292169201468,7.398934181345609
2022-12-18 02:00:00.000000Z,0.0002636205222588,42165312.97373925,0.1428547545301577,83.02031955513563,87.55687029912453,287.78562126748096,0.0208384506197551,-18.01733643228512,35783777.97646278,-6132032.124262581,41713600.69157352,27813.945395526134,-3042.049475809018,-447.97597750656985,7.392779660502283
2022-12-18 04:00:00.000000Z,0.0002821647500593,42165137.840491936,0.1430399355485737,83.06134925512245,90.91020388367436,314.4807452424424,0.0242808141874849,-18.00998127552578,35778662.90905161,-26215655.32891216,33014081.54232081,74925.5734062711,-2407.903641336988,-1912.8586135932317,5.39044897998197
2022-12-18 06:00:00.000000Z,0.0003070134395163,42165802.42374394,0.1430741100174478,83.07877845299262,92.8532417628081,342.6160578971508,0.0212484433895377,-17.996333487025957,35775310.89985748,-39233132.19991987,15416358.999880314,101894.89255812152,-1124.5086695753466,-2862.548925991165,1.92618807389242
2022-12-18 08:00:00.000000Z,0.0003289296689764,42166694.29138777,0.1430838946012153,83.02268639504396,94.39956347705969,11.224688656377722,0.0124631311570256,-17.97960698415055,35774952.55454396,-41673832.71614602,-6337534.858360069,101378.37085069994,462.1988768216145,-3040.631257954977,-2.068107749732517
2022-12-18 10:00:00.000000Z,0.0003310997172901,42166822.39430294,0.1432422321156029,82.92023334448774,94.94216762428088,40.88158277540441,0.0002001178343203,-17.964697860211412,35778127.68684316,-32879696.089594144,-26383154.536119062,73444.71625469546,1924.1448956845632,-2399.022894947782,-5.513009516263833
2022-12-18 12:00:00.000000Z,0.0003158212525104,42166088.25101692,0.1435635821193404,82.84902441700132,93.04562757212452,72.93958701872725,-0.0122915477235116,-17.956578898963613,35784040.48438991,-15223354.49403306,-39317909.831904165,25584.012305031232,2867.098818736612,-1111.1015799731397,-7.474671719519569
2022-12-18 14:00:00.000000Z,0.0002975957529651,42165302.79852197,0.1438904050390403,82.84985084362955,89.54469739094016,106.5203847564544,-0.0216510313379155,-17.958019156106978,35790730.534896374,6534783.190584192,-41659442.371849634,-29305.92757783365,3037.34567276114,475.5613694093173,-7.419913646717283
2022-12-18 16:00:00.000000Z,0.0002795188396485,42165141.76834024,0.144068847014445,82.88954516715468,86.24929543704026,139.84783443820243,-0.025317487140812,-17.96840903303609,35796011.81336074,26533333.37236849,-32781629.15099193,-76407.70804068606,2389.7135294171835,1933.525130492185,-5.36086967312324
2022-12-18 18:00:00.000000Z,0.0002598831908596,42165643.82035125,0.1440924513759854,82.89995961724351,83.06255463434564,173.09039763652555,-0.0222313640508083,-17.984303896017412,35798385.33753493,39388988.64672769,-15078328.931930166,-102986.53412897504,1098.993051304151,2870.633826639574,-1.8503305690780243
2022-12-18 20:00:00.000000Z,0.0002451063836485,42166371.5812326,0.1441032490850051,82.84157547901042,79.35891773690977,206.91788524736745,-0.0131326196841879,-18.000971184896446,35797449.5505636,41642487.6441391,6683783.034539653,-101823.10392297064,-487.4710560411775,3035.008653582488,2.1676828954326592
2022-12-18 22:00:00.000000Z,0.0002432168364457,42166735.29024232,0.1442646286921129,82.74063530222068,76.94048805693998,239.50631694287105,-0.0003802922074678,-18.01404561292602,35793800.60454784,32686661.218581863,26646747.395182498,-73163.9309203434,-1942.9465368737187,2382.342243638948,5.610903933194094
2022-12-19 00:00:00.000000Z,0.0002511596732713,42166375.111707896,0.1446069963683978,82.66782575830375,78.5544017865935,268.04074228435974,0.0126584023545863,-18.020652599465517,35788597.53253854,14930338.901439227,39434982.85310212,-24672.11993866553,-2875.633444442824,1087.9128749532113,7.54880579822732
2022-12-19 02:00:00.000000Z,0.0002607201547997,42165516.1754202,0.1449838353936056,82.67091370954296,83.63980703598432,293.03533381327554,0.022492171311132,-18.019702189812705,35783075.0482828,-6846816.234703077,41601538.08918573,30613.156674359318,-3033.9775375236577,-500.0876869984632,7.453174572239581
2022-12-19 04:00:00.000000Z,0.0002725529417176,42164949.82142435,0.1452001687315117,82.71988820809516,88.9890877114517,317.7273442301306,0.0264324660851875,-18.01156839004771,35778307.744267605,-26778528.614199504,32558719.107601948,77771.61799054536,-2374.74773415356,-1953.8983863316253,5.342162241801049
2022-12-19 06:00:00.000000Z,0.0002941587532615,42165367.37131266,0.1452183006276134,82.72320771041325,92.68583649820113,344.1231771641564,0.0233184413299838,-17.997798626070537,35775299.95086066,-39492117.00761101,14740221.18188992,104020.3753686383,-1075.20383004163,-2881.414713414717,1.7781739963300256
2022-12-19 08:00:00.000000Z,0.0003213563243447,42166476.18761761,0.1452392816247085,82.61855706657605,95.44769844403147,11.564594179864471,0.0138505766895271,-17.981303993564612,35775063.63376824,-41558969.25042826,-7052230.708732361,102178.46356952756,514.3391897164572,-3032.2304978848565,-2.2805076006511698
2022-12-19 10:00:00.000000Z,0.0003341543498866,42167100.93238858,0.14550683081017,82.4559852202871,97.00766229410829,40.264116941077965,0.0004468898655181,-17.966525562576773,35778210.01969884,-32421930.53175985,-26943844.154095877,72641.85222001956,1965.0550024138035,-2365.6344325933974,-5.735955973045926
2022-12-19 12:00:00.000000Z,0.0003260153186835,42166579.08607096,0.1460058179407588,82.35294729912655,95.43283006798006,72.03224785881274,-0.0133552885636082,-17.95840153616798,35784197.35021302,-14546099.542197106,-39573638.72727847,23318.50721581961,2885.7502253022985,-1061.736812147688,-7.648358968433166
2022-12-19 14:00:00.000000Z,0.0003120126400336,42165531.57560824,0.1464718481792682,82.35807149085709,90.94230597382328,106.59808530192342,-0.023827522964548,-17.9600983613776,35791148.95494501,7248971.68561658,-41541545.8498148,-32489.193669935445,3028.720338313123,527.5822772772858,-7.494563836654629
2022-12-19 16:00:00.000000Z,0.0002990268254005,42164966.24677806,0.1466949373806124,82.40884595094795,86.1912034002463,141.36937022367763,-0.0280709530335155,-17.971273044204327,35796677.34201192,27092099.512653664,-32322233.18507052,-79688.63010310904,2356.170165865524,1974.177098392424,-5.3119504393613735
2022-12-19 18:00:00.000000Z,0.0002822352375558,42165292.63913591,0.1467083117688231,82.40948466227256,82.00586312114814,175.6192336981402,-0.0248273794088062,-17.988242227158178,35799021.3869248,39642130.03729175,-14401496.027321111,-105487.15299372388,1049.602452250545,2888.9956366260617,-1.68686677397198
2022-12-19 20:00:00.000000Z,0.0002656104639531,42166177.04109784,0.1467290143775385,82.31893594282793,77.44502442608449,210.3353095330888,-0.0148428138332959,-18.00568747185054,35797705.63777797,41522214.925843656,7395727.9426733535,-102849.09279127176,-539.4211039784188,3026.180920307248,2.404838948722692
2022-12-19 22:00:00.000000Z,0.0002597049593154,42166880.14822076,0.1469633397274524,82.18228636516844,73.76696113582686,244.21909954115668,-0.0006896245832494,-18.01874703521995,35793503.7481508,32225472.4683186,27202223.547347598,-72399.34116159791,-1983.5196126536584,2348.7035662728417,5.859894616925745
2022-12-20 00:00:00.000000Z,0.0002631243804196,42166777.38021699,0.1474291475885441,82.09104308437472,74.25751890320409,273.8961733463959,0.0139006197743076,-18.024495874986016,35787883.57797313,14252221.38665848,39684341.75744816,-22273.30057048718,-2893.926158627919,1038.4704332949902,7.743298487836877
2022-12-20 02:00:00.000000Z,0.0002658040254818,42165873.33677968,0.1479298041361375,82.10037694753531,79.31200867935637,298.91668256835726,0.025019345076371,-18.02229748570851,35782314.64112349,-7559382.444464196,41477201.688216366,34050.16817541333,-3025.0226230304647,-552.0555439183269,7.540197576465301
2022-12-20 04:00:00.000000Z,0.0002680433015057,42164941.35385779,0.1482215039161272,82.16968677899106,85.98449882358292,322.2661083008761,0.029620724250542,-18.013203064558105,35777864.88284973,-27333408.673933186,32093716.59198834,81362.41841537514,-2340.9065323858963,-1994.366957401423,5.296456322555086
2022-12-20 06:00:00.000000Z,0.0002811621390428,42164954.35455107,0.1482580551347323,82.18473561784208,91.57900145822089,346.7527008661227,0.0263425135154771,-17.99918979333288,35775277.461156264,-39739455.84595647,14059679.532724809,106821.61905885076,-1025.593418254016,-2899.429294436833,1.6089790659373897
2022-12-20 08:00:00.000000Z,0.0003077625408322,42166056.10795327,0.1482933649245231,82.0632567756451,96.04661940032176,12.504870863064609,0.0158923039672023,-17.98301418011545,35775249.63852879,-41431924.06619226,-7764855.108594016,103432.46485327596,566.3186263276315,-3022.924241733528,-2.532045055949293
2022-12-20 10:00:00.000000Z,0.000329071433949,42167156.814092666,0.1486565620374552,81.86078092643264,99.24110097595803,39.60946630685047,0.0009044859090503,-17.968549845531776,35778327.77305899,-31954725.581364464,-27496506.23471186,71972.67438153739,2005.3834059617689,-2331.536263394159,-6.007113482331517
2022-12-20 12:00:00.000000Z,0.0003295763399569,42167073.3287919,0.1493506613954091,81.73057007774699,98.87802386477009,70.19303835471453,-0.0146998593336163,-17.9604032472679,35784223.155400425,-13864632.773229564,-39817535.55474804,20836.63079128997,2903.5659433406795,-1012.0474450537558,-7.869364043020474
2022-12-20 14:00:00.000000Z,0.0003206428585535,42165953.80920835,0.1500138618613164,81.7451750799006,94.18609571977277,104.95088107982818,-0.0267204144880449,-17.962018259059885,35791300.858206294,7961102.107758788,-41411122.081139386,-36195.25835035939,3019.2267117807114,579.4694985137612,-7.605331360031752
2022-12-20 16:00:00.000000Z,0.000314190724359,42164959.34823616,0.1503407738066193,81.82309381880486,88.22778512377934,140.90189850721913,-0.0318189640745429,-17.973523577151454,35797101.913755335,27643094.232817248,-31852835.275109,-83684.22721677236,2321.941774614608,2014.2760432190669,-5.278977375477851
2022-12-20 18:00:00.000000Z,0.0003036305316421,42164946.431884095,0.1503744464238154,81.83657102417907,83.10238308036341,176.0781789054574,-0.0284650832399274,-17.99129820537786,35799582.004330054,39883779.9334529,-13719776.10036354,-108728.74492394438,999.8883366461882,2906.5195875265827,-1.5144593147732188
2022-12-20 20:00:00.000000Z,0.0002883206105217,42165842.51986926,0.15040708659881,81.73437904204553,77.83004796898068,211.51656129596532,-0.0173913327695883,-18.009576295755785,35798068.513701886,41389757.39452707,8106132.328985666,-104464.6133007225,-591.2327812900412,3016.446733539964,2.674307014288201
2022-12-20 22:00:00.000000Z,0.0002804075786152,42166860.11408304,0.1507042566930775,81.57531016931867,72.8694328432662,246.7050519525358,-0.0014284784749825,-18.0229070124207,35793396.25254007,31754724.823270053,27750144.0443151,-71929.04236068546,-2023.5177344633323,2314.3410725678823,6.156868235735045
2022-12-21 00:00:00.000000Z,0.0002814567364694,42167121.51775467,0.1512889004141136,81.47153274016375,71.65280753257225,278.10241056870296,0.0152279632576448,-18.0280892569477,35787308.504139334,13569812.935859248,39922231.64116798,-19801.7729660807,-2911.365988004162,988.6903774276124,7.989602363472309
2022-12-21 02:00:00.000000Z,0.0002791975200334,42166342.48320346,0.1519260295239617,81.49033486033403,75.5444903940326,304.2774017440375,0.0281246092961471,-18.02474791125831,35781572.836061954,-8269805.221737996,41340658.16607279,37908.021237599096,-3015.1754355635826,-603.8875628948347,7.670116726486892
2022-12-21 04:00:00.000000Z,0.0002713428541604,42165152.42732287,0.1523228548194573,81.58938969730397,82.3024626048935,327.51266360351326,0.0337382056725649,-18.01458963021561,35777363.75983284,-27880312.472968824,31619093.74848534,85619.05692023884,-2306.374052062376,-2034.2699037363452,5.274612024722936
2022-12-21 06:00:00.000000Z,0.0002716967291374,42164680.34345903,0.1524057357577526,81.64076752128007,89.17566565607162,350.6846082505936,0.0304257218752613,-18.000193896627646,35775238.340939194,-39975140.84800442,13374714.33302394,110375.8093129926,-975.6765247902928,-2916.5980261012337,1.4398477973095911
2022-12-21 08:00:00.000000Z,0.0002904470661616,42165519.26069048,0.152448648265573,81.54129804238555,95.4318123032992,14.625870913234923,0.0188826355731574,-17.984387271250732,35775532.04101599,-41292702.9348508,-8475458.555139352,105356.72022236275,618.1319938610429,-3012.715067935795,-2.8059279573823157
2022-12-21 10:00:00.000000Z,0.0003147798076405,42166929.24978255,0.1528587302675382,81.33364222000765,100.71565317470136,39.64571721967745,0.0019969229525368,-17.970493534127467,35778570.05172473,-31478153.508084517,-28041195.645771865,71749.00534448278,2045.1168470995408,-2296.727567194423,-6.317143436021641
2022-12-21 12:00:00.000000Z,0.000323492473811,42167434.60738167,0.1537098454341844,81.19044620745346,102.41297206024024,68.18172877443297,-0.0158553221362757,-17.962497782235115,35784223.99557845,-13179135.717858693,-40049653.24004011,18484.22472267635,2920.5309209899274,-962.0346524594236,-8.137887243384489
2022-12-21 14:00:00.000000Z,0.0003199249761242,42166520.01815584,0.1545905786651705,81.21945377903407,98.50858140241424,102.13790962962216,-0.0299143062917903,-17.963835119630502,35791215.40564285,8670916.181930711,-41268243.0559441,-40118.10610345583,3008.8601133460347,631.2198310295693,-7.763145267776093
2022-12-21 16:00:00.000000Z,0.000320071727273,42165185.59198557,0.1550727836221324,81.33963152415734,91.749430676016,138.84767172014773,-0.0363018039276181,-17.975176226446987,35797208.62653232,28186071.077846806,-31373514.234784763,-88202.88897907022,2287.035159542962,2053.8243898347864,-5.282349364692846
2022-12-21 18:00:00.000000Z,0.0003185053840616,42164701.26757956,0.1551584776186468,81.3927485689436,85.74840071551894,174.85958947769475,-0.0331135461281116,-17.99330035787683,35799939.912158094,40113752.074095935,-13033202.49748342,-112688.08525772188,949.8588175819716,2923.215031581827,-1.3585421676185805
2022-12-21 20:00:00.000000Z,0.0003082477660521,42165413.73577573,0.1551976876708123,81.30727017129446,79.98089186769757,210.775738384741,-0.0209951772157909,-18.01227159002743,35798442.74725601,41244971.775080726,8815030.901328059,-106828.91232437945,-642.9021750581051,3005.8141134322595,2.95196574920106
2022-12-21 22:00:00.000000Z,0.0003007589804982,42166641.15276237,0.1555274368977428,81.1461295378124,74.02193971535662,246.9641646633838,-0.0030172833263776,-18.026076314230952,35793463.47323507,31274301.10672831,28290577.65115293,-72061.9105369688,-2062.93637758986,2279.256184026025,6.485325914023968
2022-12-22 00:00:00.000000Z,0.0003019297329145,42167317.75447538,0.1561982142709836,81.03871185007003,71.00163288216707,280.1690635853002,0.0161149510664732,-18.03104149726877,35786929.231906846,12883046.532793803,40148718.671124496,-17643.684059573952,-2927.943477353218,938.571706405176,8.28323321478519
2022-12-22 02:00:00.000000Z,0.0002984914880662,42166836.61096492,0.1569553940067292,81.06796695041065,73.08650118814631,308.1413197225141,0.031303993597224,-18.026797487140374,35780923.86679096,-8978076.206136769,41191975.08823738,41816.262667511925,-3004.425774032321,-655.5821041545917,7.851666448067714
2022-12-22 04:00:00.000000Z,0.0002834147982817,42165569.64995009,0.1574632638185684,81.19904122268584,78.74624531013721,332.4438547667586,0.0384233170787735,-18.015573984710947,35776837.26048021,-28419177.008239947,31134933.47645617,90275.60070033456,-2271.1460661194965,-2073.60564173241,5.296276631951628
2022-12-22 06:00:00.000000Z,0.000269931230417,42164645.15940438,0.1576059197731305,81.3014050195608,85.60860371269253,355.576188538266,0.035432388539064,-18.000646476682533,35775160.50286458,-40199103.77752031,12685401.684110774,114583.04542379122,-925.4555299900236,-2932.924856875123,1.2962769006291466
2022-12-22 08:00:00.000000Z,0.0002745976450933,42165014.58313354,0.1576412408431499,81.25607821242862,92.91890668467715,18.408821440191584,0.0229394472995199,-17.985170091573973,35775891.353363216,-41141273.29089823,-9184011.430975262,108037.80482507288,669.7716649680984,-3001.6111039280263,-3.0768187923742905
2022-12-22 10:00:00.000000Z,0.0002938498182426,42166446.85614405,0.1580240880715566,81.08047585435044,100.2661946699524,41.33235097837491,0.0040681176350834,-17.972093489249872,35779004.27204537,-30992265.72640245,-28577942.702271774,72223.76240513676,2084.2389815425995,-2261.216734673292,-6.645872694104137
2022-12-22 12:00:00.000000Z,0.0003070726366465,42167523.10187405,0.1589329796350776,80.94330463561431,104.663554598866,67.16178402515028,-0.0163207780429833,-17.964612081640233,35784357.0235761,-12489806.932455337,-40270092.48037954,16629.90791161053,2936.6222790607626,-911.7106198662962,-8.442468649996684
2022-12-22 14:00:00.000000Z,0.0003083852664425,42167100.4358806,0.1599865504617301,80.98716172547374,102.68416939694328,99.17830201963277,-0.0328517773719815,-17.96575828766766,35791033.722251795,9378074.20355571,-41113121.51209898,-43847.17860648096,2997.6072904137245,682.8151521603991,-7.968188241446256
2022-12-22 16:00:00.000000Z,0.0003138479788632,42165658.99024664,0.1606443841378105,81.15565028073102,95.84810321481984,135.91717818468365,-0.0410286318292276,-17.976589420610473,35797026.152335934,28720669.935030997,-30884605.829918787,-92882.8145745363,2251.4581648123008,2092.8086224239287,-5.33536134339467
2022-12-22 18:00:00.000000Z,0.0003225423475167,42164666.05733075,0.1608066924284619,81.27096963884864,89.10502652809359,172.60911268746483,-0.038469657841169,-17.99453973335061,35800015.89184474,40331799.35301868,-12342156.187083626,-117141.61627940425,899.5350009731121,2939.0837066027743,-1.243542045755389
2022-12-22 20:00:00.000000Z,0.000321093107316,42164988.20602751,0.1608395045961219,81.23154636365305,83.06503354819229,208.75132106133515,-0.0256222602298675,-18.013879646889183,35798719.958586685,41087767.98241799,9522106.004897088,-109918.15045397874,-694.4084671032668,2994.297473824417,3.207907535569998
2022-12-22 22:00:00.000000Z,0.0003168047708422,42166239.41968036,0.1611535420108484,81.09127362441217,76.56311492264865,245.46131761178688,-0.0057125565910153,-18.028213500613447,35793646.788320094,30784244.24413601,28823329.563681465,-72986.65441311477,-2101.7593194741544,2243.4674861995045,6.817426320015439
2022-12-23 00:00:00.000000Z,0.0003201064569483,42167290.22982463,0.1618502386100579,80.98979442547606,72.02403439153484,280.1789384573192,0.0160727637763185,-18.03329386361112,35786763.635705695,12192069.866326377,40363746.31706644,-16158.698048560396,-2943.645687476398,888.134314002828,8.605591378400698
2022-12-23 02:00:00.000000Z,0.0003194438663696,42166831.03450065,0.162679932142697,81.0268807897253,73.93098744936226,308.32174962405094,0.0339527657550199,-18.028580034523507,35780338.99832629,-9683887.125080384,41031175.6258318,45329.69042007289,-2992.755794636261,-707.1296353596131,8.080209564318556
2022-12-23 04:00:00.000000Z,0.000303194698368,42165706.05689174,0.1632767650842047,81.18274830808798,77.97787968014954,334.2133938652684,0.0431006404062423,-18.016305437291923,35776056.983233005,-28949596.656057943,30641277.964156784,94908.0259737702,-2235.211215796103,-2112.38146575827,5.371740247860743
2022-12-23 06:00:00.000000Z,0.0002802121056402,42164479.36932587,0.1634762142699495,81.33508816322134,83.73128483844059,358.40575511529937,0.040950556086078,-18.000325956405057,35774531.95352426,-40410814.19879971,11991638.78198093,119138.99243148064,-874.9017900667462,-2948.4416362891484,1.2003928044556695
2022-12-23 08:00:00.000000Z,0.0002698802301817,42164296.7106197,0.1634892297824738,81.35734488984261,90.59793310570808,21.61497295120252,0.0279024436709116,-17.984334783478737,35775580.17916112,-40976753.08838588,-9890863.352245228,111355.6237872959,721.3084509232847,-2989.641206287607,-3.3167604823801144
2022-12-23 10:00:00.000000Z,0.0002776754794016,42165441.1404292,0.1637748106689441,81.23911223132198,98.83407110002211,43.59227014244876,0.0072351859084883,-17.971271604378824,35778822.67815257,-30495548.724743947,-29107135.860434636,73479.6276239661,2122.8472352051067,-2224.9774157073293,-6.965872099220582
2022-12-23 12:00:00.000000Z,0.0002893071473238,42166871.62646229,0.1646125314154645,81.12441824215372,105.77400665948132,66.85672694074395,-0.0157319538736087,-17.96371558603361,35783936.98079674,-11794509.874576207,-40478757.11591123,15536.929710461964,2951.9042779471506,-860.9672719337173,-8.761030536714633
2022-12-23 14:00:00.000000Z,0.0002932328517586,42167107.9308762,0.1657273694529661,81.17720686675604,106.73358866931636,95.92610851105836,-0.0349929570523782,-17.964100961990226,35790243.96324841,10084876.990855629,-40944662.66046211,-46990.32886273858,2985.44327921841,734.4156183677258,-8.207382972891985
2022-12-23 16:00:00.000000Z,0.00030085920217,42165892.82200382,0.1665276289693916,81.38402605099853,101.02089157985368,131.50458204928316,-0.045391498403794,-17.973634751063543,35796160.45001219,29248633.245224696,-30383866.674102176,-97280.46960907876,2215.082079501177,2131.375730440752,-5.437355659916714
2022-12-23 18:00:00.000000Z,0.0003176117092875,42164513.2877531,0.166773557083191,81.56822794813166,93.93659563323092,168.4699078531853,-0.0439914498894503,-17.990528823804695,35799497.82218467,40538438.45609111,-11643585.221595667,-121691.66837253352,848.7128984812813,2954.1937520919264,-1.182818254521397
2022-12-23 20:00:00.000000Z,0.0003266667440895,42164297.03818788,0.1667857576255251,81.59516383961636,87.89733804125301,204.54525043098133,-0.0309275744981033,-18.009638624450275,35798688.26233466,40917097.91569495,10230484.347532738,-113476.24264575452,-745.9703177103922,2981.846177309328,3.416908912390153
2022-12-23 22:00:00.000000Z,0.0003274444040779,42165334.61658848,0.1670311119476692,81.49528157083557,81.43686997844557,241.1729380920965,-0.0094558424594262,-18.024440795145185,35793851.3385745,30282099.09837526,29350732.549943525,-74654.92438992589,-2140.147214148148,2206.809850918317,7.121901596656893
2022-12-24 00:00:00.000000Z,0.0003332503993602,42166617.16574805,0.1676796188889768,81.40795774057713,75.89845803755773,276.8752293453409,0.0148532736472874,-18.030028844152472,35786793.41498507,11493651.938393544,40568178.18146485,-15522.101857449205,-2958.521616769434,837.1454226561332,8.927168719322513
2022-12-24 02:00:00.000000Z,0.0003376865380884,42167026.40072568,0.1685121296655166,81.447626773384,74.36253697548301,308.45851697370404,0.0355735747138303,-18.02513173758313,35780030.39816134,-10390623.571308322,40857602.80281322,48090.38491273264,-2980.121223482241,-758.732552716596,8.335517295651771
2022-12-24 04:00:00.000000Z,0.0003248376329944,42166237.09383132,0.1691520107019292,81.61365049572737,76.66969749913348,336.0804743027302,0.047142704001196,-18.012119383414458,35775578.5673214,-29474241.99151084,30136273.50482933,99061.50289133454,-2198.426283363162,-2150.715895032365,5.494887066474308
2022-12-24 06:00:00.000000Z,0.0002975897940314,42164937.18821184,0.1693908164684469,81.79953658044698,80.74591664762372,1.917249116592753,0.046371113621999,-17.995364263067138,35774259.36745518,-40611810.38547917,11291151.34056886,123599.99838113812,-823.8609942736459,-2963.146861715238,1.1612374808842882
2022-12-24 08:00:00.000000Z,0.000274412993622,42164273.54298637,0.1693770453886225,81.88119173575987,85.93521634437933,26.74455547191417,0.0333180097589661,-17.979233080177277,35775803.26706839,-40799816.30214117,-10597945.509026418,114978.82760449598,772.8161354452861,-2976.724556561278,-3.504457746981963
2022-12-24 10:00:00.000000Z,0.0002666046548891,42164914.44680888,0.1695316834080618,81.82572853847506,93.3683910254126,49.46128531698876,0.0112910582548045,-17.966931379819826,35779469.26190273,-29988565.11321358,-29630120.62250823,75365.84071923212,2160.899652630558,-2187.945481347398,-7.249401930278322
2022-12-24 12:00:00.000000Z,0.0002683212241242,42166360.48804773,0.1701933065537545,81.74228839426635,101.80514020689272,71.19649065449093,-0.014017977050586,-17.96056135144447,35784573.9573323,-11094403.697462946,-40676875.1123778,15259.542508244962,2966.268007960307,-809.846867289308,-9.065281523705186
2022-12-24 14:00:00.000000Z,0.0002698778800904,42167201.96162026,0.1712285314381847,81.79432585484759,106.04767366186104,96.9829572772669,-0.0360084686817064,-17.961663297207505,35790445.45682856,10789469.904253146,-40764865.4380786,-49302.21584365004,2972.3048468057304,785.8551797271618,-8.456624073797594
2022-12-24 16:00:00.000000Z,0.0002772984158204,42166521.95004823,0.1720842007674874,82.01436938204834,102.77341800413906,130.10996715267515,-0.0488635282577604,-17.97099513520556,35795916.17507028,29768144.146502856,-29874707.56186818,-101005.30263255218,2177.9914947859525,2169.320909191888,-5.572889147377811
2022-12-24 18:00:00.000000Z,0.0002995039238016,42165036.85589411,0.1723956359265099,82.25144313616964,96.1816642241947,166.53055732933396,-0.0490581465723451,-17.987209184407423,35799180.90173425,40733041.99317316,-10942101.630363856,-125880.73008602866,797.6287534096971,2968.437654778309,-1.1738345419163283
2022-12-24 20:00:00.000000Z,0.0003202318260348,42164271.39109747,0.1723799816228994,82.34672958824328,90.48972857477338,202.1906070042695,-0.0363319686069345,-18.005937582152164,35798636.03983002,40734298.70903565,10935418.795631502,-117080.21673924294,-797.2999523462547,2968.5362947430544,3.566827875587209
2022-12-24 22:00:00.000000Z,0.0003296553097429,42164876.03936924,0.1725203517644531,82.29704609861503,84.60294145020366,238.194184044136,-0.0138455890413592,-18.02097052567499,35794061.54961877,29771080.07668084,29869235.45282968,-76778.47813904402,-2177.8840510627283,2169.5299448030114,7.374167591406957
2022-12-25 00:00:00.000000Z,0.0003396847960924,42166167.5919322,0.1730551347568954,82.22942265969822,78.78805509592665,274.1527449835426,0.0125817589691937,-18.027064734601527,35786988.52920672,10792064.242006311,40760629.47554688,-15651.217894336403,-2972.5003903695674,785.9456193874531,9.2166336431413
2022-12-25 02:00:00.000000Z,0.0003500685768375,42166963.40607657,0.1738172527127738,82.2662126824023,76.0185458247878,306.9723028872576,0.0359826466122632,-18.02236664631109,35779945.227263615,-11093829.197584732,40672206.17036735,49953.3926958278,-2966.580628604656,-810.0720895871199,8.587124387520793
2022-12-25 04:00:00.000000Z,0.0003445469266075,42166623.05512162,0.1744423130430545,82.4254435500257,76.87836086785047,336.0488040671671,0.050100652695509,-18.008949126319827,35775207.88222161,-29989632.972990017,29622895.066559896,102398.26980115972,-2160.995172966395,-2188.3802277756963,5.643702020922483
2022-12-25 06:00:00.000000Z,0.0003197556470277,42165484.38752459,0.1746944746618063,82.62058926354808,79.47001851640148,3.361634879607495,0.0510881114995897,-17.991438172153597,35773887.937308736,-40800379.47977436,10588011.08475587,127516.5146741324,-772.6028610840094,-2976.9716812551856,1.1703407769279242
2022-12-25 08:00:00.000000Z,0.0002905275792802,42164530.89669768,0.1746607404606436,82.73800464701029,82.70177266303,30.111189380709003,0.0385641011525703,-17.97484210295149,35775796.14132052,-40610597.76301143,-11301300.694419729,118450.04668816012,824.0688411757767,-2962.955346495145,-3.6336973316942194
2022-12-25 10:00:00.000000Z,0.0002705071936751,42164618.79780085,0.1746970110188341,82.73285916561206,87.77952410378052,55.13266701753725,0.0157326094265037,-17.96289775623528,35779959.25710974,-29472664.852433152,-30144006.00029696,77515.40724047359,2198.29138522755,-2150.30655536286,-7.478208053793725
2022-12-25 12:00:00.000000Z,0.0002595063583584,42165761.56467089,0.1751455238023881,82.68020053002618,95.33693984361638,77.71533285294106,-0.0114657812531319,-17.957620821232677,35785293.67692725,-10391144.121398289,-40862926.56128442,15590.748331733354,2979.726047579907,-758.530577175871,-9.329844343245064
2022-12-25 14:00:00.000000Z,0.000252667239333,42166946.03957506,0.1759903462673534,82.72358167966111,101.673849583432,101.41500661693466,-0.0359193309789995,-17.959797720299594,35790915.07866438,11490530.54021538,-40573317.34381538,-50794.96645692756,2958.260496182112,837.0110078545922,-8.687845089668679
2022-12-25 16:00:00.000000Z,0.0002549052470316,42166940.77300863,0.176789019768018,82.92650756819928,101.69352142272967,131.26491979995842,-0.0511920571084933,-17.969416960483258,35795891.373422265,30278408.87403928,-29357381.269215956,-103869.51701258097,2140.259376577236,2206.5795615927423,-5.715218100837749
2022-12-25 18:00:00.000000Z,0.000276673083032,42165703.45956416,0.1771237183196079,83.18109332103606,96.82028356224716,165.9499742218886,-0.053181396678508,-17.98513747169012,35798883.40085739,40915305.69292746,-10238265.344706958,-129348.86962270364,746.3450643815464,2981.792330466148,-1.1964735005161768
2022-12-25 20:00:00.000000Z,0.0003057183420828,42164551.85870075,0.1770843697243797,83.32511588282442,92.08245115454982,200.6077336200716,-0.041204636390761,-18.00331479941563,35798480.02291822,40539475.81780063,11636299.196679704,-120266.33276082018,-848.3462504978836,2954.3756826940985,3.665584572271543
2022-12-25 22:00:00.000000Z,0.0003245150547614,42164602.48685088,0.1771165570333534,83.3221061296228,87.34695424359668,235.41333463825947,-0.0182464107614528,-18.01835912766448,35794229.69080769,29251610.642823707,30378373.27982695,-78891.02390651614,-2214.933473602078,2131.658802901179,7.566802350767589
2022-12-26 00:00:00.000000Z,0.0003392942099931,42165661.77398044,0.1775047066580827,83.27577813608504,82.03470629074273,270.8474251866456,0.0097491723251933,-18.02499120663699,35787308.330023535,10087923.123581884,40940912.60435103,-16186.498177609788,-2985.565584094991,734.5788153560958,9.452281643462944
2022-12-26 02:00:00.000000Z,0.0003549512589056,42166671.3247925,0.1781414799192045,83.30632482386068,78.63690582687397,304.3009930532264,0.0354075930281714,-18.020819720697062,35780096.13583873,-11792937.473009814,40475185.44184832,51084.77911810321,-2952.150995028431,-861.0952198951088,8.804091514621874
2022-12-26 04:00:00.000000Z,0.0003581666858604,42166781.0790471,0.1786974317985141,83.44500652260271,78.45836666009943,334.43639588725364,0.0518835312268028,-18.007404677648314,35775018.80831471,-30495391.173927404,29101695.253033265,104850.7244158386,-2122.952667338078,-2225.3311580999684,5.7856188809034
2022-12-26 06:00:00.000000Z,0.000340691840961,42165977.91224249,0.1789342312660211,83.6253509707529,80.03112251262193,2.7835051407161817,0.054716160543519,-17.98931700357407,35773492.26463866,-40976443.00507504,9883011.12858694,130605.16034994012,-721.1741587240733,-2989.894898714724,1.2015734432013698
2022-12-26 08:00:00.000000Z,0.0003121166229739,42164970.84936815,0.1788930393677884,83.74989848080185,81.86698606860826,30.922506438024588,0.0430566084210983,-17.97203043070039,35775542.96530631,-40409351.40230478,-12000097.055750675,121340.4288917924,875.0248063755027,-2948.3447952338115,-3.7180331594796985
2022-12-26 10:00:00.000000Z,0.0002862235830406,42164610.93314911,0.1788567019778268,83.77283331040783,84.51588456878783,58.34491440467709,0.0199154346045065,-17.959927451756673,35780137.82649849,-28948315.54010322,-30648145.952580925,79455.580250877,2235.007719088171,-2112.098321634994,-7.650914439301932
2022-12-26 12:00:00.000000Z,0.0002661351378097,42165269.19463817,0.1791244355045613,83.74364411504204,89.4468898676272,83.52986116918356,-0.0086385196482273,-17.95531167982331,35785864.72974485,-9685185.605571406,-41036568.59233427,16117.609027885008,2992.295085348337,-707.06127733323,-9.540054840529528
2022-12-26 14:00:00.000000Z,0.000249360245395,42166454.00263246,0.1797395292569712,83.77546805452575,95.4066829716678,107.6171348202716,-0.0350951686734768,-17.95856442393273,35791496.93559113,12187781.210531898,-40369955.88013012,-51739.61201650453,2943.3387125857607,887.8487123254348,-8.876997734252093
2022-12-26 16:00:00.000000Z,0.0002418235253524,42167025.468437344,0.1803907258140862,83.93896133219218,97.93032354387464,135.0018380408346,-0.0524811223224139,-17.968858262216223,35796097.83739129,30779342.000374176,-28832047.50528922,-105949.45439828889,2101.9098216425978,2243.123654190431,-5.835013592053789
2022-12-26 18:00:00.000000Z,0.0002562696823023,42166316.6700055,0.1806953311315995,84.16973463861729,95.6145947349082,167.15333472829334,-0.0561701979993124,-17.98443881466347,35798715.0139932,41085308.35793334,-9532411.4919839,-131955.91032290694,694.8844631122082,2994.2386207682507,-1.220906260651546
2022-12-26 20:00:00.000000Z,0.0002871313701026,42165073.01725261,0.1806449584061112,84.32693074384864,92.46393216541657,200.2112730392304,-0.0450862414002495,-18.00209192939948,35798297.048114054,40332872.25440135,12332718.636549847,-122697.36253510654,-899.0871917217821,2939.365165267765,3.736913815183652
2022-12-26 22:00:00.000000Z,0.000313353795675,42164599.2972797,0.1806017316687388,84.35391075257235,89.36170647500492,233.35377771111547,-0.0220231752836513,-18.016970603850663,35794345.77303818,28724060.581526738,30877826.38390758,-80526.3340305912,-2251.2841226136948,2093.2186683204536,7.710995964442322
2022-12-27 00:00:00.000000Z,0.0003328305850873,42165241.66896403,0.180853771486442,84.32580406882575,85.25954603709569,267.5590895808358,0.0070226011584524,-18.02407330139333,35787697.69632413,9381619.337518532,41108910.92427866,-16638.399393134187,-2997.722771773341,683.0768117913623,9.62914170020635
2022-12-27 02:00:00.000000Z,0.0003523668262093,42166247.70746816,0.1813437115055929,84.34929971419281,81.90695513533362,300.97375582804807,0.0343884918904641,-18.02064665403656,35780460.272483505,-12487647.676248634,40266652.297258906,51880.83657825045,-2936.8507214980577,-911.7714300989852,8.965979535745145
2022-12-27 04:00:00.000000Z,0.0003635040112752,42166705.97577547,0.1817945699527574,84.4599797473387,81.12741038345932,331.73775232917137,0.0527740230360895,-18.007646101703955,35775067.208397105,-30991377.976759087,28572989.787987266,106626.38805495772,-2084.3250515623063,-2261.542859061812,5.889765076219818
2022-12-27 06:00:00.000000Z,0.0003555858280189,42166314.81884853,0.1819915826198701,84.60786505338837,82.11350677450771,0.7042290219822055,0.0572150693315287,-17.98930871058405,35773185.22789073,-41140076.25163837,9176624.880336544,132836.67251870097,-669.6077174775093,-3001.899802267026,1.2214740146656324
2022-12-27 08:00:00.000000Z,0.0003324203289302,42165462.38097113,0.1819544281589049,84.71460888919992,83.26116380974723,29.549954867237485,0.0464491928691663,-17.971305922637395,35775130.80730758,-40196395.07590116,-12693800.926061671,123396.12830070444,925.6516991874104,-2932.8943016285366,-3.785085179900303
2022-12-27 10:00:00.000000Z,0.0003060617054347,42164847.059220746,0.1819004181141725,84.74239835789216,84.32366038659855,58.55449943976453,0.0232786447077466,-17.95861254235719,35779974.79030759,-28416015.55401619,-31142092.493091676,80775.07579938306,2271.033990979445,-2073.3421013453058,-7.782849525893154
2022-12-27 12:00:00.000000Z,0.0002823195955101,42165004.0589353,0.1820596291066549,84.7261408302117,86.5660576896752,86.41505317521028,-0.0061748611678629,-17.95406676106671,35786119.37423426,-8977027.78792461,-41197538.99972211,16371.697260054372,3003.9895574093525,-655.4659642199749,-9.696362174403983
2022-12-27 14:00:00.000000Z,0.000259525087587,42165907.83845912,0.1824769162196058,84.74781082719721,90.38404303661666,112.65355927213896,-0.0341107904556339,-17.958050275853584,35791983.25552113,12880901.909557167,-40154683.97818223,-52557.93237897566,2927.571197686412,938.3507548795976,-9.011115378584938
2022-12-27 16:00:00.000000Z,0.0002419044009701,42166792.30878779,0.1829447278446255,84.86435313158444,93.34632083470468,139.6457938652921,-0.0531256681797641,-17.969127228491924,35796427.51784664,31270845.209375672,-28298702.56376334,-107535.21436501291,2062.969963734783,2278.9433191247954,-5.909254087695439
2022-12-27 18:00:00.000000Z,0.0002440838805142,42166703.40044931,0.1831768496109002,85.04022363979165,93.08976140640388,169.7928333205031,-0.0581601355948692,-17.984897615350853,35798695.66589597,41243104.58100172,-8824603.871784793,-133801.71862258954,643.2627463585015,3005.767414673974,-1.2180326948154026
2022-12-27 20:00:00.000000Z,0.0002692045034459,42165685.82670921,0.1831307705991059,85.17184924409175,91.69295459447234,201.1228541706216,-0.0478186855982814,-18.002181343832888,35798136.94897889,40114628.81131961,13024561.351439584,-124257.38954853156,-949.5144723879204,2923.500676024237,3.8105923247930296
2022-12-27 22:00:00.000000Z,0.0002983758357664,42164862.36386937,0.1830686278130792,85.20406284142695,90.4473029395568,232.403830709715,-0.0247509726862315,-18.01677958810967,35794398.56603923,28188599.650655225,31367482.908490937,-81372.31571484513,-2286.937063054482,2054.2144303921323,7.830308336649782
2022-12-28 00:00:00.000000Z,0.0003215494018582,42165010.36820064,0.1832326583143428,85.18695131119341,88.0780997513651,264.8648728459549,0.0050007526757828,-18.024200072804984,35788082.563477665,8673274.470890047,41264562.37194034,-16567.03224777036,-3008.9838006486225,631.4469954912204,9.758306389840838
2022-12-28 02:00:00.000000Z,0.0003434674774119,42165810.87303137,0.183591649500559,85.20441622122898,85.43752869712814,297.5727440053003,0.0335571444573607,-18.021580688194582,35780966.354588635,-13177942.98340336,40046585.68855512,52805.88431757806,-2920.6954355868625,-962.0970343317568,9.068263831390516
2022-12-28 04:00:00.000000Z,0.0003604628851723,42166454.94971806,0.1839268604467655,85.28610321527113,84.51021378722703,328.51276722841703,0.0532849392282445,-18.009317341893002,35775355.04990496,-31477679.36452773,28036777.741935726,108102.35691055756,-2045.124772781164,-2297.0123454827904,5.936955790280288
2022-12-28 06:00:00.000000Z,0.0003620232999944,42166454.39040847,0.1840700702625365,85.39282565758205,85.24369930757024,357.77287108673096,0.0588566779349144,-17.99112591670244,35773063.69653431,-41291447.09993473,8468887.072769497,134411.32488171855,-617.9148050846627,-3012.9792699439336,1.201220375150856
2022-12-28 08:00:00.000000Z,0.0003468883585858,42165894.08635832,0.1840447049688134,85.46518959493416,86.21784946425532,26.827014321698613,0.0487138253319372,-17.97259114608386,35774703.453748554,-39971988.727685496,-13382322.2836969,124597.22514064133,975.9352009238212,-2916.597064584253,-3.865815240244155
2022-12-28 10:00:00.000000Z,0.0003236391960096,42165230.57468241,0.1840195302882303,85.47944831899588,86.58885377412749,56.53737944494323,0.0255126356846258,-17.95909939902527,35779566.02179247,-27876123.23487656,-31625734.394967005,81247.09279551466,2306.359335305991,-2034.0395728357653,-7.899320682314054
2022-12-28 12:00:00.000000Z,0.0002999413046205,42164990.10797345,0.184149124396953,85.4659428659585,86.95049408521498,86.27639137968418,-0.0045799424474587,-17.954100763354987,35786027.989036106,-8267055.233763009,-41345765.82352877,15982.459064409028,3014.81470543104,-603.7522366356407,-9.812747420872292
2022-12-28 14:00:00.000000Z,0.0002759514237381,42165465.93670479,0.1844405334094616,85.4809233501433,88.34814922895868,114.94169825207976,-0.0335429331874873,-17.95830430315306,35792232.99632218,13569610.435831398,-39927470.45342635,-53673.2778652464,2910.979382022041,988.5149588147052,-9.090894540191536
2022-12-28 16:00:00.000000Z,0.000252420728678,42166360.325346805,0.184745035534768,85.55636391360319,90.13362004801778,143.1512240050452,-0.0536487502949882,-17.969999285459707,35796739.661959246,31752802.428097136,-27757303.08284837,-109011.0241266712,2023.4614772174,2314.04287401694,-5.926777286964084
2022-12-28 18:00:00.000000Z,0.0002420505013363,42166788.53914232,0.1848889413503839,85.66564604897417,90.4601470588676,172.78139331503456,-0.0595174262905502,-17.986141050436217,35798777.118248634,41388697.08418927,-8114774.749946145,-135155.56861297134,591.4906592297922,3016.3796539398245,-1.1676047683915818
2022-12-28 20:00:00.000000Z,0.0002558812418445,42166225.07438041,0.1848607839524796,85.74321165493656,90.1454983850273,203.08349536695704,-0.0495387057011867,-18.00324424454697,35798013.3412029,39884788.82483761,13711879.516878398,-125047.07759175808,-999.6267964421668,2906.777546825503,3.912477172693251
2022-12-28 22:00:00.000000Z,0.0002824502819985,42165309.49827362,0.1848404186219593,85.75603375199859,90.49901467862075,232.7850338228118,-0.026306188134527,-18.01750355296538,35794373.38245618,27645252.77236698,31847354.91126465,-81338.10338058046,-2321.898642583309,2014.6400122925747,7.951081286604607
2022-12-29 00:00:00.000000Z,0.0003071515483883,42165006.2358124,0.1849860065294242,85.7405844459651,90.09868510067992,263.2754372389171,0.0040423730346676,-18.025027357829728,35788381.83465238,7962842.895870402,41407827.72474142,-15708.531542667177,-3019.3612431718225,579.6804199275907,9.860469445149713
2022-12-29 02:00:00.000000Z,0.0003300355408413,42165460.57435284,0.1852585756050358,85.75404165744462,88.74942934599227,294.6953023653678,0.0334246919936462,-18.023107254477434,35781505.74737297,-13863960.510313531,39814860.7106751,54235.89335724701,-2903.6961911892517,-1012.0867279528364,9.120707512040466
2022-12-29 04:00:00.000000Z,0.0003504570558996,42166111.83669192,0.1854921213597833,85.81087154944458,88.15438554798214,325.3270178209024,0.0539575602081357,-18.01173795633939,35775820.05373052,-31954478.655595083,27492823.764388517,109676.8093684986,-2005.3528672871855,-2331.7537499248388,5.923460268415111
2022-12-29 06:00:00.000000Z,0.0003599470741412,42166412.510684505,0.1855802328706354,85.87599962774432,88.91391419645078,354.60217067921667,0.0600824301306571,-17.994048156280748,35773165.1139629,-41430714.1226663,7759496.969183793,135653.9591077938,-566.0890552414686,-3023.135996574194,1.1246243465759882
2022-12-29 08:00:00.000000Z,0.0003536680942754,42166200.64322581,0.1855716775912632,85.90688164631017,90.02940603442205,23.55666580201521,0.0500893190746011,-17.975300807099213,35774392.73516593,-39736251.55933453,-14065931.138390465,125119.63572087912,1025.8780360506007,-2899.4429483579047,-3.9844853414462538
2022-12-29 10:00:00.000000Z,0.000335704058478,42165658.72278127,0.185606047349093,85.89674721623793,90.33900281224383,53.35358731576919,0.0266048134099427,-17.96105299933682,35779069.79418933,-27328768.14683452,-32099251.97097715,80862.72696006257,2340.978624057077,-1994.1780268445125,-8.026281758658453
2022-12-29 12:00:00.000000Z,0.0003139681507361,42165182.28122194,0.185769878737461,85.87861864867067,89.69148432762167,84.1071393811295,-0.0041022394424703,-17.955296638835836,35785681.98817285,-7555437.168768441,-41481354.6399568,14767.569639709738,3024.766708042552,-551.9122612789665,-9.91047085069664
2022-12-29 14:00:00.000000Z,0.0002916252763855,42165214.88583446,0.1860144222416013,85.89087717434036,89.1238322569936,114.74072522691162,-0.0338058925614738,-17.959251084033067,35792221.15268345,14253743.952222906,-39688371.36243759,-55389.900810728366,2893.5693358669723,1038.3485084338138,-9.12848380717856
2022-12-29 16:00:00.000000Z,0.000267233238652,42165879.49607695,0.1862091030026047,85.93851902013768,89.1712545577187,144.71578873866895,-0.0545318163503652,-17.97125557508238,35796939.64442098,32225118.447730727,-27207840.19534703,-110730.60729148322,1983.39533023612,2348.4328297088914,-5.889218742771771
2022-12-29 18:00:00.000000Z,0.0002481513925978,42166605.65176105,0.1862762888479334,85.98792375966323,88.83267303676644,175.0705519965553,-0.0606908958423492,-17.987788514638122,35798893.65594884,41522056.56150386,-7402846.832730659,-136347.38241283328,539.5745207861663,3026.0822468112,-1.0615873543080792
2022-12-29 20:00:00.000000Z,0.0002492414440882,42166573.942803554,0.186276199797732,86.0010709489819,88.42339918194286,205.5317186101016,-0.0505758632559886,-18.004869880632853,35797919.82895122,39643344.7042276,14394765.945121655,-125308.75518209222,-1049.4241108558592,2889.1932142891096,4.058583069251531
2022-12-29 22:00:00.000000Z,0.0002686446516154,42165822.55771446,0.1863453248159267,85.97773262528015,89.55659372598139,234.49009032555355,-0.0268327135215126,-18.018778014111412,35794263.12454764,27093995.95610296,32317491.0847273,-80529.4335403928,-2356.173379338398,1974.4864735727956,8.094673791697604
2022-12-30 00:00:00.000000Z,0.0002918990799729,42165209.27638489,0.1865432329238651,85.95560974631981,90.96507145266332,263.17849387286594,0.0042217366649003,-18.026168599638755,35788530.635968454,7250252.544085729,41538674.76620175,-14008.110428663173,-3028.863556317759,527.7633314124456,9.958021858263608
2022-12-30 02:00:00.000000Z,0.0003141982835038,42165257.608124144,0.1867884529190396,85.96774963159952,91.32255530901524,292.89248745648,0.0342680911715435,-18.02469832090984,35781963.47175021,-14545831.31955491,39571324.014513575,56374.69491178568,-2885.8594890285767,-1061.760307133577,9.141458091670817
2022-12-30 04:00:00.000000Z,0.0003356825032389,42165757.049331225,0.1869521495926983,86.00741743738516,91.55364460319052,322.71437394247545,0.0552066005350734,-18.01418676392164,35776356.798717365,-32421919.862186134,26940823.88152774,111654.78604082318,-1965.0054529715728,-2365.7873253018715,5.8586552573278
2022-12-30 06:00:00.000000Z,0.0003507750155016,42166233.05253829,0.1869946526640853,86.03702190245612,92.62321676941929,351.7142759334191,0.0613450763008983,-17.997227092562493,35773459.49927744,-41557953.32801192,7048039.418629952,136897.46911957048,-514.1166869135247,-3032.378616090848,0.9899210564799006
2022-12-30 08:00:00.000000Z,0.0003528467716749,42166358.63027394,0.1870061681347891,86.02756912613091,94.08319210577004,20.36448780064058,0.0509580326291639,-17.97861368281904,35774272.67147306,-39489159.26120728,-14745041.687629215,125244.41130313111,1075.491949025531,-2881.4232830016017,-4.153368338225525
2022-12-30 10:00:00.000000Z,0.0003413693283645,42166052.57599646,0.187115335583706,85.98954749659443,94.72052207962768,49.862092530169285,0.026778753959752,-17.963836886069032,35778633.78440782,-26773883.0764093,-32562956.587816577,79786.25849551058,2374.8913930388303,-1953.7397799337768,-8.18314810931643
2022-12-30 12:00:00.000000Z,0.0003226724893427,42165505.34740797,0.18735414035926,85.96322238961844,93.73974191072028,80.95791715722508,-0.0047228095179178,-17.957266992551897,35785225.80415254,-6842146.711325294,-41604495.29789505,12740.898833251757,3033.836579727285,-499.9313781352057,-10.010988371914964
2022-12-30 14:00:00.000000Z,0.0003029418068038,42165184.02343975,0.1405555382028934,82.83317767046027,95.00583554025258,112.90059984120828,-0.0222643982584542,-17.960663730554632,35792014.378303014,14933298.540346565,-39437493.80275424,-48417.55865157697,2875.3426591477687,1087.860464626539,-6.665627954195943
2022-12-30 16:00:00.000000Z,0.0002811774424222,42165485.46726639,0.1406964209672399,82.88355697115767,93.34453305173092,144.5816505664678,-0.0218646170887848,-17.972668155096216,35797009.29202352,32687821.435108487,-26650358.212297715,-87758.04400803216,1942.778185311885,2382.1221133055246,-4.009291122792923
2022-12-30 18:00:00.000000Z,0.0002586894366404,42166265.14385135,0.1407138150437849,82.89574511801135,91.78973153205564,176.18953493224797,-0.0156392760377095,-17.98953027374353,35799011.98661651,41643259.86057992,-6688803.216820147,-103519.15801810182,487.5202336770256,3034.882226810485,-0.2663151542010122
2022-12-30 20:00:00.000000Z,0.0002493113560196,42166703.74379064,0.1407536126907163,82.83913353612861,90.3517054280254,207.74910780937327,-0.005175923686237,-18.006730268228146,35797869.806631364,39390403.34299377,15073265.117063308,-91396.52795494924,-1098.9040037616762,2870.7479355564774,3.557644526966243
2022-12-30 22:00:00.000000Z,0.0002594950188773,42166306.7317395,0.1409462978000809,82.75805843985268,91.11951757179216,237.1308927328976,0.0067938118336193,-18.02034445811108,35794106.16016166,26534941.416698776,32777919.35217854,-54590.191009433416,-2389.7624172346773,1933.7498488616363,6.431539047177365
2022-12-31 00:00:00.000000Z,0.0002784610816404,42165574.97847969,0.1412555525077682,82.72038576743212,93.72226235874612,264.6408873614986,0.0170954710812408,-18.027412741524586,35788531.36732881,6535588.772599884,41657100.13452544,-2969.470340184236,-3037.497318134592,475.69111239180353,7.576824760820722
2022-12-31 02:00:00.000000Z,0.0002983140900625,42165237.77256322,0.1415296728422703,82.74537056276131,95.91364675340836,292.50797439063365,0.0229532324703195,-18.026089416098028,35782282.37890461,-15223535.28286454,39315931.6114893,49567.41448004948,-2867.1959613312765,-1111.12498680906,6.679153603905964
2022-12-31 04:00:00.000000Z,0.0003186350042455,42165469.76077768,0.1416585843666741,82.79147117264452,97.40012994993414,321.06734187109896,0.0227444325301384,-18.016269960336437,35776879.88087517,-32880052.618186507,26380668.985580683,88834.91449702217,-1924.089911076201,-2399.1234974305667,3.975240180470032
2022-12-31 06:00:00.000000Z,0.000336675288989,42165985.49611541,0.1416714556074079,82.79884508877012,99.08967872641658,349.46867361413814,0.0164528460784611,-18.000148528071573,35773891.22690806,-41673238.65982509,6334335.547443551,104193.41364605346,-461.9970417992779,-3040.7148008180266,0.1908616305078973
2022-12-31 08:00:00.000000Z,0.0003456499280309,42166389.919437736,0.1417114120914527,82.74411396280121,101.07484791544088,17.638535562280584,0.0056916938401099,-17.981983786904127,35774362.8518765,-39230763.607265696,-15419859.591729272,91436.90118517772,1124.7810348398668,-2862.5375347257327,-3.653895465505424
2022-12-31 10:00:00.000000Z,0.0003410410099408,42166378.1558903,0.1419072431504942,82.66450179365545,102.2982800123866,46.591842350226685,-0.0067136131496626,-17.966993454909417,35778356.443561405,-26211502.37274441,-33017028.5232076,53947.13761477518,2408.097528890333,-1912.7196329285607,-6.5203089143966695
2022-12-31 12:00:00.000000Z,0.000326146248847,42165900.364924274,0.1422442274694894,82.62596924774407,101.47371233307776,77.54434136413323,-0.017471856861726,-17.959729874682168,35784792.950399846,-6127236.316304354,-41715340.50851498,1793.8503180598,3042.020402181523,-447.8083091473732,-7.632453900511936
2022-12-31 14:00:00.000000Z,0.0003092505194457,42165312.29778338,0.1425618092593868,82.65649242126935,98.68264349685884,110.3842858011969,-0.0236988889204223,-17.96246397884643,35791713.66124848,15608118.138473118,-39174996.54228182,-50976.18990703618,2856.2772831566917,1137.0484430825118,-6.687013862606939
2022-12-31 16:00:00.000000Z,0.0002917781979243,42165215.655784026,0.142705615110594,82.70782998354005,95.56693335397308,143.5190015366779,-0.0236814828245694,-17.974252490888958,35796969.57962789,33140648.429102805,-26085032.38318713,-90121.9303779928,1901.6031748671005,2415.10995771648,-3.934477550230525
2022-12-31 18:00:00.000000Z,0.0002705549659725,42165845.82589008,0.1427075422583151,82.69433223480812,92.72005079846303,176.44445631340858,-0.0173341491925533,-17.991310802081358,35799095.03589154,41752047.74632694,-5972803.159253009,-105040.2495356359,435.3347681123928,3042.7846758500145,-0.1117633249772564
2022-12-31 20:00:00.000000Z,0.0002550138742196,42166601.29285668,0.1427848936829701,82.58803018726967,89.88658649973162,209.44899998834663,-0.0062409154126788,-18.008668625728195,35797827.33394567,39125788.021072336,15747262.736448191,-91627.05002186808,-1148.0514214689256,2851.4481032517247,3.753815703606169
2022-12-31 22:00:00.000000Z,0.000256699882107,42166650.021486335,0.1430968082771084,82.46301916074204,89.26833186027295,240.2610385716385,0.0067242343597851,-18.022032181324025,35793880.24985449,25968034.104680248,33228562.879178945,-53409.92289508141,-2422.647903156521,1892.4338330879411,6.618267469213844
2023-01-01 00:00:00.000000Z,0.0002697443319946,42165997.07702743,0.1435448268133062,82.41282199343387,92.05914991395066,267.59597090334944,0.0181219826885903,-18.02861432634229,35788334.110879764,5818918.166379221,41763039.6012236,-635.8774753712041,-3045.247454574964,423.4632019193536,7.702648828370259
2023-01-01 02:00:00.000000Z,0.0002851826621333,42165360.51019813,0.1438980826281727,82.44701020640376,95.83798844923624,293.86661201330776,0.0248588741910318,-18.02707937391774,35782355.29527815,-15896915.3189856,39048590.7625879,52469.40655087394,-2847.695267120588,-1160.188573313281,6.706935051200452
2023-01-01 04:00:00.000000Z,0.0003020816986111,42165260.757122025,0.1440364793353344,82.49666446997257,98.89053615126686,320.85601595908383,0.0250407032933702,-18.01760492588321,35777243.62041737,-33328650.10187067,25812183.507826574,91541.5434258782,-1882.5962446326007,-2431.776619816847,3.893867915413061
2023-01-01 06:00:00.000000Z,0.0003202343558777,42165689.67530139,0.1440400439620632,82.48793600097541,101.53244305859944,348.3203861702364,0.0185131034891435,-18.002188942208942,35774329.176827736,-41776261.54627006,5618108.77795035,105969.70156131162,-409.7175961607762,-3048.1562426264377,0.0193591384806781
2023-01-01 08:00:00.000000Z,0.0003339644576855,42166285.56175587,0.1441042407646396,82.40473258090557,104.21826047365376,15.817484854458632,0.0069286700599864,-17.98461163969235,35774599.39055895,-38960672.919569984,-16090703.125065329,91781.1579803046,1173.754072676536,-2842.7845036625204,-3.871239430108892
2023-01-01 10:00:00.000000Z,0.0003357839518485,42166578.00582384,0.144372657856106,82.3016085777445,106.1873266856225,44.04858361409723,-0.0066793324922995,-17.969707564597382,35778262.02044748,-25641217.70148242,-33461726.67916537,52733.108805307565,2440.5914441544974,-1871.1034020937732,-6.72591778008413
2023-01-01 12:00:00.000000Z,0.0003252109566712,42166274.626356326,0.1448053928382421,82.25705635256085,105.86149245799322,74.50880028137976,-0.0187000640752456,-17.962013020434725,35784470.89484058,-5410400.554256761,-41814029.57944546,-688.6660092118946,3049.2959566292247,-395.5259445450855,-7.771009983534242
2023-01-01 14:00:00.000000Z,0.0003110636033616,42165565.385128975,0.1452012790141777,82.29830647733431,102.70958745333093,107.69945091001544,-0.0259055533218281,-17.964150140921948,35791412.31667587,16278402.86556898,-38900919.82559624,-54093.18458744574,2836.367168250408,1185.9223212958166,-6.720437332998215
2023-01-01 16:00:00.000000Z,0.0002982806136834,42165106.74315064,0.1453803904939593,82.36440053244371,98.44505549856072,141.96855398375865,-0.0263079934405801,-17.975616215412405,35796874.91008787,33583752.83837089,-25511850.46881057,-93060.11523227446,1859.8641076704932,2447.4016621945816,-3.8521905836098855
2023-01-01 18:00:00.000000Z,0.0002815427433043,42165454.65537048,0.1453868203636206,82.35295005108418,94.43828675936362,176.05174988875928,-0.0196894903913339,-17.992771954376245,35799160.84485452,41848536.93506995,-5254803.174439957,-107019.96587867064,383.0141895443969,3049.793090372505,0.0665557128160472
2023-01-01 20:00:00.000000Z,0.0002643805907916,42166342.546074994,0.1454886343544429,82.22773754385021,90.304224271869,210.3755994331344,-0.0076781934116969,-18.010332689755238,35797822.464317605,38849596.29276531,16416818.850495834,-92105.49719958556,-1196.8674954055944,2831.2945711971333,3.9835043280002087
2023-01-01 22:00:00.000000Z,0.0002602180750195,42166826.79795949,0.1458930459633396,82.07654725834462,87.82451876798747,243.075412407284,0.0066382590785782,-18.02355256016529,35793656.0986711,25393377.21090232,33669478.75463444,-52224.02727034053,-2454.827296884156,1850.5374166639904,6.8406565488683215
2023-01-02 00:00:00.000000Z,0.0002676070256755,42166418.15069396,0.1464798964133399,82.01819237632425,89.7104935134015,271.32387986292,0.0194796972747949,-18.029601151352797,35788017.428806975,5100365.066437322,41856550.87926054,1946.032208361972,-3052.11168680176,371.08132542186905,7.859054086238544
2023-01-02 02:00:00.000000Z,0.0002773133879829,42165612.17495313,0.1469418229324104,82.06663356936089,94.36565093760262,296.70443334338046,0.0273627131014773,-18.027581944655896,35782217.8571261,-16565849.8509277,38769382.58646631,55801.876022519136,-2827.361043565745,-1208.9469885491749,6.75378558547797
2023-01-02 04:00:00.000000Z,0.0002885870405647,42165168.93168096,0.1471213904443427,82.13295760910985,98.95880811518153,322.13655701884375,0.0280621937096543,-18.018107973316805,35777424.01820114,-33767638.30768994,25235470.035675496,94760.3688324576,-1840.53322184466,-2463.74566427333,3.8156533581775487
2023-01-02 06:00:00.000000Z,0.0003039534880922,42165406.25785855,0.147129006179347,82.12642679036918,102.78968665611832,348.4092534163757,0.0212548853987794,-18.00319602857697,35774714.13541537,-41867010.17164926,4899449.595739915,108219.88205697337,-357.285760405532,-3054.707120290575,-0.1657308911963839
2023-01-02 08:00:00.000000Z,0.0003198175969522,42166092.20636815,0.1472101837685641,82.03169586712707,106.35657492755584,15.036172466926027,0.0086426752561218,-17.986255140011657,35774931.17035528,-38678910.19084847,-16757521.164590623,92449.98801074404,1222.4088840575796,-2822.17021520884,-4.1155960291762215
2023-01-02 10:00:00.000000Z,0.0003268754654522,42166660.51739688,0.1475333342140208,81.91582932768674,109.21389248792816,42.39143299829966,-0.0064828524012994,-17.971681196286127,35778341.76854381,-25063054.58904593,-33897040.16797221,51620.31621634889,2472.373934511364,-1828.8961463866688,-6.965230338977649
2023-01-02 12:00:00.000000Z,0.0003207813819234,42166599.42942206,0.1480486163893519,81.8690903939893,109.65193307495896,72.09011792096774,-0.0201129668188238,-17.96383094013838,35784298.89831138,-4691658.298554373,-41900588.68439053,-3311.9078767235205,3055.664102615622,-343.0900202519592,-7.94167224982976
2023-01-02 14:00:00.000000Z,0.0003093331274452,42165890.38984026,0.148524858048635,81.92271641925245,106.55825349629087,105.21061408651332,-0.0285909530377436,-17.96552118910247,35791171.7834335,16944114.14607825,-38615337.4491736,-57552.72184180727,2815.606993572309,1234.4746489551326,-6.776721669809817
2023-01-02 16:00:00.000000Z,0.0003009406740473,42165149.566793546,0.1487552237963263,82.0112711440455,101.48655165464385,140.2647628930831,-0.0295861699746295,-17.97665014566476,35796769.09635536,34017078.65273709,-24930939.811230183,-96456.30632464628,1817.562033894148,2478.9907695011643,-3.778610983412296
2023-01-02 18:00:00.000000Z,0.0002904152734046,42165154.25964635,0.1487769449863789,82.02170929738637,96.53497799799696,175.2708472849,-0.0227147787123408,-17.99383315367036,35799220.95495599,41932704.53113474,-4534956.653410094,-109465.21810213367,330.56631370489504,3055.9072846602053,0.2513217151103478
2023-01-02 20:00:00.000000Z,0.0002754791749076,42165999.8374882,0.1488848529276138,81.90514891381633,91.43158893717396,210.5551410671614,-0.0096560399040682,-18.011624256095043,35797864.89175929,38561878.527346544,17081803.745469287,-92955.72079983912,-1245.3400827895512,2810.293746406657,4.232121743933316
2023-01-02 22:00:00.000000Z,0.0002686867242976,42166832.32707941,0.1493391428217903,81.74788725611207,87.19974926790873,245.0131740037559,0.006250596836379,-18.024830494083883,35793478.58961742,24811117.72510775,34100600.76956713,-51242.5848029164,-2486.286378663075,1808.0716718330652,7.089728694641567
2023-01-03 00:00:00.000000Z,0.0002722912043923,42166776.03461836,0.1500378327430367,81.68736507716628,87.42159421005353,274.92842073899806,0.0208310432549082,-18.03039767222596,35787649.5333163,4380171.346003866,41937663.64756528,4527.558579508207,-3058.079171152667,318.5610131314484,8.044541198032604
2023-01-03 02:00:00.000000Z,0.000276419102383,42165951.25475141,0.1506165063083431,81.752737921291,91.97354332678388,300.3959013661554,0.0301527699624357,-18.027728048800927,35781914.5195738,-17230054.66374932,38478456.8206048,59334.84751675779,-2806.1933575010926,-1257.3834785393185,6.826381307177616
2023-01-03 04:00:00.000000Z,0.0002804406372131,42165202.28057098,0.1508590340748911,81.8454978024288,97.6578524313102,324.71074810524107,0.0315980751662723,-18.017942586721325,35777412.20560485,-34196779.24598182,24650779.85660933,98335.86251833026,-1797.9129874809903,-2495.02051493726,3.754209829341422
2023-01-03 06:00:00.000000Z,0.0002902323559861,42165172.80020434,0.150879891373907,81.8573587885359,102.69398521781632,349.75955160164057,0.0246216618705819,-18.003276820094573,35774992.93673345,-41945357.571350574,4178641.174895583,110902.092437863,-304.71869564624046,-3060.3688836283104,-0.3471234285199062
2023-01-03 08:00:00.000000Z,0.0003052781013646,42165843.46815737,0.1509668508698213,81.76737294393142,107.2620970052816,15.379918262114272,0.0109463193521578,-17.986919823660962,35775294.86167258,-38385465.84579746,-17420076.989392735,93526.12358621135,1270.7309402138533,-2800.705265682761,-4.37040334278155
2023-01-03 10:00:00.000000Z,0.000315746228387,42166632.26778524,0.151320842416951,81.64938081477715,111.12953750854784,41.72669211219576,-0.0058709991724131,-17.972836110369883,35778556.82611415,-24477089.550420992,-34322825.36938159,50795.01409548466,2503.435631848848,-1786.1124012660246,-7.226691400322536
2023-01-03 12:00:00.000000Z,0.0003137582667054,42166844.38747064,0.1518955722643659,81.60385054260742,112.5373841805315,70.45426658010354,-0.021381392856798,-17.96508248631712,35784277.42100451,-3971137.121215519,-41974983.32925732,-5833.62289713075,3061.1199921083453,-290.51610721065515,-8.140767403034555
2023-01-03 14:00:00.000000Z,0.0003049308302443,42166238.20467717,0.152441408775545,81.66915170971329,109.87151272676644,103.13553840419304,-0.0314327891765207,-17.9665139267972,35791019.493692726,17605108.00579003,-38318327.1503401,-61117.52753095377,2793.9973635355746,1282.6902337133615,-6.8608298914124335
2023-01-03 16:00:00.000000Z,0.0003002987781511,42165316.93142674,0.1527259240544032,81.78208103047916,104.35838475524326,138.6070335757501,-0.0332789824487878,-17.97734733452388,35796677.354897864,34440511.50803678,-24342475.32852069,-100135.94935630036,1774.7046561812494,2509.86641140073,-3.725742333212508
2023-01-03 18:00:00.000000Z,0.0002964965799911,42164977.01006682,0.1527660190528507,81.82516513985598,98.7102565449578,174.27704781236798,-0.02631145357252,-17.994508361383566,35799279.43663777,42004513.74687345,-3813485.24556496,-112303.4315912478,278.0044082230813,3061.1257576202624,0.4268568998607661
2023-01-03 20:00:00.000000Z,0.000286491983967,42165643.09149016,0.1528608833701049,81.73659277933714,93.02064078427414,210.11934447668227,-0.0122308530084245,-18.01253535507394,35797954.30664256,38262702.74134233,17742022.98129417,-94219.33546277828,-1293.4538748390664,2788.4543546096565,4.4842423475258535
2023-01-03 22:00:00.000000Z,0.0002799480226088,42166690.80824486,0.1533169581358344,81.5905350802524,87.50474966866557,245.8501088940592,0.005369023137038,-18.02585857044892,35793380.56718921,24221434.162229527,34521825.84870546,-50607.31552169064,-2517.010137176057,1765.0528319243492,7.353566711319955
2023-01-04 00:00:00.000000Z,0.0002822257533538,42167024.82123275,0.1540809328965376,81.53320824317439,85.84555549904726,277.6435476395229,0.0218941454413734,-18.031078556852712,35787301.62698902,3658611.9824440526,42006412.90426255,6900.889722273079,-3063.1392509032603,265.9241193211087,8.252989745886302
2023-01-04 02:00:00.000000Z,0.0002825462977624,42166329.21941875,0.1547634584244581,81.61486019265654,89.41889119243713,304.074053908076,0.0329222881512954,-18.02771782424645,35781514.96597998,-17889216.871418037,38176016.34392245,62842.14155901365,-2784.1935007587726,-1305.474431687089,6.925876532864028
2023-01-04 04:00:00.000000Z,0.0002790161036458,42165355.67426472,0.1550792024497456,81.7389444098907,95.41874771158892,328.04256883741425,0.0353893463253233,-18.017391675890043,35777236.006342515,-34615824.0654062,24058465.81065126,102077.07113601937,-1754.7516844408506,-2525.584825553068,3.718012495730719
2023-01-04 06:00:00.000000Z,0.0002810038843493,42165019.14041308,0.1551181844846744,81.78131841959323,101.34758486659118,352.1681676602408,0.028465879186758,-18.002712276704425,35775144.06943734,-42011206.64891544,3456102.6358263465,113907.62893534296,-252.040712461773,-3065.140171502066,-0.5109128129298355
2023-01-04 08:00:00.000000Z,0.0002922299857727,42165574.60262901,0.1551974720975515,81.70970464853883,106.87702565262114,16.808368321505323,0.0138405456268956,-17.98682013668169,35775641.688963726,-38080415.30624257,-18077997.69829716,95010.40815108534,1318.6981850506695,-2778.4031536892808,-4.619797920928432
2023-01-04 10:00:00.000000Z,0.0003037545477354,42166507.52069691,0.1555550880280532,81.59872498815474,111.81212008314692,42.0799063073959,-0.0046949093604095,-17.97330686720525,35778862.33726899,-23883527.531201307,-34738842.3660688,50367.0745226894,2533.76318014214,-1742.7744079560184,-7.496538719196794
2023-01-04 12:00:00.000000Z,0.0003049433367057,42166991.87743039,0.156160595643183,81.55669176368113,114.34485180793384,69.67879841399899,-0.0222470429423482,-17.96585467742475,35784385.883424245,-3249101.661275858,-42037145.58579398,-8063.348650315274,3065.660364891212,-237.82881631181505,-8.36014532325222
2023-01-04 14:00:00.000000Z,0.0002985100837686,42166567.12241657,0.156756997092556,81.63101374263007,112.42791168560484,101.60218934544386,-0.0341291767765564,-17.967215166406028,35790957.99254668,18261131.505778424,-38009991.83543648,-64565.09066170689,2771.544688031036,1330.5469985257205,-6.972177778894474
2023-01-04 16:00:00.000000Z,0.000296846752621,42165572.622644655,0.1570892343357827,81.76548820587203,106.84581811434111,137.12133383411157,-0.0371158998436429,-17.977818926296514,35796606.11222862,34853876.02423608,-23746694.228126224,-103899.71428695667,1731.306721425328,2540.014271557475,-3.700414313772303
2023-01-04 18:00:00.000000Z,0.0002993597748139,42164931.68762496,0.157146075288266,81.84366231371149,100.76339334956816,173.19061913453513,-0.0303038992660221,-17.994914444759363,35799328.0872786,42063914.48311963,-3090686.113523643,-115405.3283492855,225.34763345324276,3065.4467343424426,0.5810211597010818
2023-01-04 20:00:00.000000Z,0.0002958086156791,42165329.67328818,0.1572124844806373,81.79305305363035,94.82491613539148,209.2436054746891,-0.0153582008516342,-18.013150003502716,35798075.00151952,37952156.00758688,18397215.09267948,-95863.84788917413,-1341.190672058446,2765.787702364891,4.725702736745844
2023-01-04 22:00:00.000000Z,0.0002916996743068,42166443.473187946,0.1576267247330097,81.66999399623043,88.60091187167797,245.6592658445523,0.0039033755735027,-18.026692780501516,35793373.064128965,23624532.13342159,34933010.232635744,-50384.958868410205,-2546.9840746302616,1721.5015512257917,7.619246804729685
2023-01-05 00:00:00.000000Z,0.0002947361650747,42167138.828993455,0.1584007720177337,81.61941617476812,85.28082629461888,279.10701503276715,0.0224691646613332,-18.03174600357328,35787031.14163648,2935977.678990452,42062826.3394743,8918.496207080047,-3067.283460703823,213.1970986643041,8.475234592027489
2023-01-05 02:00:00.000000Z,0.0002939310989057,42166695.08313565,0.1591565973690543,81.71340642783284,87.3775755405805,307.0023844851807,0.0354079194642314,-18.02777064759113,35781096.39892307,-18543023.783192527,37862288.04446109,66129.51167212173,-2761.364912313725,-1353.1920782867858,7.048720950579533
2023-01-05 04:00:00.000000Z,0.0002842492616769,42165611.494320445,0.159543809636759,81.86808099532976,92.89436903197988,331.42403070853226,0.0391698493347365,-18.016785124906203,35776948.21606533,-35024541.00332214,23458933.163576484,105787.83867424836,-1711.068230273962,-2555.4185984669475,3.710142766944564
2023-01-05 06:00:00.000000Z,0.0002773783987728,42164967.01566444,0.1596022855402946,81.94766805180761,99.12385529165438,355.211997281017,0.0325822361856399,-18.001874665328472,35775175.16255508,-42064502.95738248,2732326.4154248247,117085.4401555434,-199.2804617568139,-3069.017806255747,-0.6478863134464705
2023-01-05 08:00:00.000000Z,0.0002821603512427,42165320.95488788,0.1596607311782314,81.90426634928255,105.3317508080632,19.145212807004057,0.0172313661897914,-17.986300513460435,35775944.25341838,-37763910.96616992,-18730836.015987493,96834.07740407462,1366.2837435990682,-2755.279101491605,-4.850619487611179
2023-01-05 10:00:00.000000Z,0.0002921220500825,42166308.35670589,0.1599949698559593,81.80729905327267,111.26075375497956,43.4082404391572,-0.0029141840455821,-17.97337762963067,35779221.14025454,-23282679.08826515,-35144802.78805351,50366.88118805999,2563.340543345733,-1698.9096851910676,-7.760988825439419
2023-01-05 12:00:00.000000Z,0.0002950286056649,42167035.64208999,0.1606005959607565,81.76999280064642,115.00089566469072,69.79454015100843,-0.0225461564878749,-17.966382045767585,35784598.62477935,-2525927.7577424278,-42087003.5336027,-9879.865271899234,3069.283235380301,-185.0593690993994,-8.588904142148316
2023-01-05 14:00:00.000000Z,0.0002904852456816,42166843.51298349,0.161223612657377,81.84940530785191,114.0931817513314,100.70351485367075,-0.03643517660834,-17.96784256393362,35790978.02615445,18911843.18964708,-37690474.43677852,-67714.56578614796,2748.260127283081,1378.0176524498331,-7.105440273611187
2023-01-05 16:00:00.000000Z,0.0002909268105526,42165877.480619386,0.16159147386549,81.99946871343496,108.80474188423428,135.91357388551222,-0.0408323883488212,-17.978288362489508,35796550.17338696,35256949.32536273,-23143901.87442684,-107552.56903475556,1687.389206157306,2569.4175452868253,-3.70404967181307
2023-01-05 18:00:00.000000Z,0.0002987222601113,42165008.91683728,0.1616612972864121,82.10881299606729,102.54932818950508,172.12479114298822,-0.0344718428586825,-17.99526941993684,35799348.689302295,42110852.07405493,-2366932.1868651463,-118608.76832694488,172.6204858184875,3068.868737269766,0.7063581267999643
2023-01-05 20:00:00.000000Z,0.0003020919705898,42165099.88096081,0.1616905965782602,82.09789069633034,96.62592937837158,208.122873116332,-0.0189112076166873,-18.013643553598467,35798195.93308807,37630350.0849174,19047053.52225495,-97796.1840567074,-1388.5297915268904,2742.307643858598,4.945231644329353
2023-01-05 22:00:00.000000Z,0.000301891994679,42166140.609258935,0.1620314225911857,82.0036922919878,90.21308961614264,244.6982430415508,0.001863501808991,-18.027452519995485,35793440.9240945,23020645.59147331,35333968.132034935,-50568.78672424816,-2576.1951195107245,1677.4420710923714,7.874521180470427
2023-01-06 00:00:00.000000Z,0.0003070319962319,42167113.54782032,0.1627625272474384,81.96156146239608,85.67940035541727,279.35113673336195,0.0224518365666313,-18.032519374459227,35786869.050366186,2212567.513071979,42106913.56103537,10503.087346111266,-3070.506936704148,160.40924644666703,8.700559416919363
2023-01-06 02:00:00.000000Z,0.0003078120851176,42166609.42418602,0.163549347557298,82.06166697706081,87.93724672146155,307.0796543273004,0.0374161724175911,-18.02818419677142,35780644.29449338,-19191080.631231345,37537454.56530881,69053.84131092625,-2737.700646449589,-1400.5148156818695,7.187714627391284
2023-01-06 04:00:00.000000Z,0.000295492941781,42165548.20755121,0.1639947203162574,82.24076855642424,92.4890629103008,332.4426022426085,0.042700013474248,-18.016446638868054,35776364.38100252,-35422520.31573664,22852463.66676486,109291.0000592534,-1666.862854785692,-2584.518237119273,3.728557455592579
2023-01-06 06:00:00.000000Z,0.0002812354775073,42164635.75421234,0.1640714594523865,82.35834640104824,98.42854630498844,356.4833156589652,0.0367401759278842,-18.000800108583363,35774662.88819123,-42104796.17124489,2007539.150133329,120264.76285273903,-146.42162820426762,-3072.018736896702,-0.7542320951301884
2023-01-06 08:00:00.000000Z,0.0002788440008264,42164724.08743169,0.1640988850434569,82.34852325509328,104.77114148209944,20.24872080934042,0.020952144660511,-17.984757481576708,35775555.93444538,-37435255.07368548,-19378486.25401056,98872.85926068832,1413.5413496589688,-2731.3427888299584,-5.054017162034343
2023-01-06 10:00:00.000000Z,0.0002857200096738,42165670.72799756,0.1643864168758545,82.27028262543212,111.30908878912103,43.88437438344576,-0.0005911369975282,-17.971538395643382,35778848.902145416,-22673352.85291442,-35540511.4707724,50746.001122287176,2592.245028868993,-1654.4771664673713,-8.00826212365077
2023-01-06 12:00:00.000000Z,0.0002891966500833,42166587.163644426,0.1649628824401125,82.23821815833254,116.13406450174249,69.18100165715525,-0.0222217946969601,-17.964141173125764,35784112.9773172,-1799933.7481170832,-42123810.78365623,-11244.748990754664,3072.036847906156,-132.09642387169612,-8.815194759463013
2023-01-06 14:00:00.000000Z,0.0002857623468454,42166651.62855985,0.1655867239181924,82.31842091006602,116.43591426961662,98.88029804165468,-0.0381892511475492,-17.96492692180821,35790371.38761195,19558987.018548723,-37358053.513991006,-70450.6284401801,2724.105278890631,1425.2521389122985,-7.251547186180327
2023-01-06 16:00:00.000000Z,0.0002867235723606,42165801.062881365,0.165974499685426,82.47638883953854,111.82567938542984,133.40507700173012,-0.0442026511468768,-17.974542679382882,35795969.86317711,35650813.69759422,-22531366.264696084,-110930.52574533148,1642.8084385263326,2598.1939959925094,-3.7324569107245633
2023-01-06 18:00:00.000000Z,0.0002974975722268,42164794.54700856,0.1660530010381174,82.60900662311374,105.65989716026714,169.50403314055083,-0.0385802869883436,-17.990878492610683,35798991.46852954,42145095.982231,-1638971.9317535842,-121740.25879821338,119.61248786551856,3071.4097562923903,0.801307804118673
2023-01-06 20:00:00.000000Z,0.0003064987974957,42164584.62751524,0.1660442738626452,82.63326094645818,99.9420103071756,205.26159209172263,-0.022700445684526,-18.009086328625934,35798134.42436262,37295520.35430363,19694467.69625743,-99873.12906244122,-1435.67324948013,2717.907032410424,5.136210531064699
2023-01-06 22:00:00.000000Z,0.0003100660622578,42165441.19126215,0.1662956315654812,82.56877144797521,93.75242828238264,241.58372589685607,-0.0006473671559967,-18.023165478691595,35793522.66663139,22406815.278504398,35726473.36802292,-51076.38286432135,-2604.7627714615646,1632.6686436100977,8.109484862771309
2023-01-07 00:00:00.000000Z,0.0003171493464718,42166573.8734581,0.1669420259259955,82.53539488469576,88.48308784303453,276.9632354050489,0.0218400183062555,-18.02851496138468,35786811.44410268,1484997.9920286825,42138788.8058829,11660.591071199073,-3072.8046034762065,107.31663338180311,8.917965940412964
2023-01-07 02:00:00.000000Z,0.0003210533929928,42166817.67451914,0.1677131314796961,82.63459350094193,87.53581959301187,307.89803489331047,0.0388417900747412,-18.023920337394195,35780362.27471024,-19836567.63057039,37200060.83625886,71544.99121021696,-2713.1101934643384,-1447.636255827177,7.33293598473473
2023-01-07 04:00:00.000000Z,0.0003084011068001,42165910.03355033,0.1681938009440637,82.82786736369158,90.81324184340552,334.5217863723563,0.0457933684662713,-18.01160040049608,35776032.94630712,-35811964.465983704,22236559.934276786,112454.83533643348,-1621.968006907559,-2612.9706473946244,3.766437553219376
2023-01-07 06:00:00.000000Z,0.0002876239993377,42164808.90037194,0.1682852829050394,82.97821487758539,95.93783489689154,359.3450713390412,0.0407131300091032,-17.99550160443019,35774545.09200598,-42133091.06166296,1279080.0603692036,123281.9153703228,-93.31627125704716,-3074.105078638825,-0.8317480123996818
2023-01-07 08:00:00.000000Z,0.0002765127979516,42164597.66306648,0.1682766355569312,83.00262051815848,101.91890612763233,23.43771347531748,0.024789772414183,-17.979516217904134,35775763.05941698,-37094724.50502298,-20023049.43298781,100971.20033939216,1460.516320765216,-2706.4924937536184,-5.225943332399573
2023-01-07 10:00:00.000000Z,0.00027735764901,42165410.628228776,0.1685009304339521,82.94552620654602,108.75378984360528,46.75474162333363,0.002126982243329,-17.96684031786872,35779259.46646243,-22055919.442327905,-35927424.79957178,51397.01037696255,2620.412133674792,-1609.417027093432,-8.229334380267803
2023-01-07 12:00:00.000000Z,0.0002788424115199,42166444.17852191,0.1690233253774309,82.91884037690139,114.56068552501064,71.06340270444039,-0.0213189475027454,-17.960112177298285,35784488.589979604,-1072127.072662441,-42148990.39538231,-12189.415461381132,3073.8274445633906,-78.99629819409017,-9.027422190850311
2023-01-07 14:00:00.000000Z,0.0002754796228931,42166761.32978644,0.1696228675921345,82.99585175714884,116.11749089152782,99.5105284372044,-0.0393240429825046,-17.9613054181833,35790540.53904888,20201119.01491253,-37014954.63573324,-72721.42022150298,2699.069409727978,1472.0951541293384,-7.39949266663137
2023-01-07 16:00:00.000000Z,0.0002767626607286,42166094.08009224,0.1700134179641218,83.15378210360996,112.38773749565998,133.15485437358635,-0.0470655406472369,-17.97092989775298,35795937.33476639,36034455.71725655,-21912498.02384949,-113913.54793929984,1597.6969804181615,2626.190376508449,-3.7781183437571992
2023-01-07 18:00:00.000000Z,0.0002899365540666,42165043.99947212,0.1700961404348358,83.29958611647422,106.53220599078853,168.9305843735334,-0.0424154593023427,-17.987053450057218,35798904.62197471,42167018.62747686,-910957.1959994142,-124643.7039692697,66.56216904010574,3073.0325822988,0.8682024285927636
2023-01-07 20:00:00.000000Z,0.0003045411924922,42164573.77755587,0.1700548144320826,83.35079655040478,101.14544212499231,204.33018185132585,-0.0265113401157887,-18.00514260968615,35798136.52534899,36949826.62525893,20335632.97181528,-101941.64414952933,-1482.382826147515,2692.71469654017,5.295555744746585
2023-01-07 22:00:00.000000Z,0.0003132976479354,42165173.38898825,0.1702165716901315,83.3129571337208,95.43332063618678,240.14807611736643,-0.0034625022648243,-18.01935107595993,35793608.81129342,21786594.155640025,36108140.04283016,-51792.958728245714,-2632.551324192114,1587.44053729254,8.316870409670063
2023-01-08 00:00:00.000000Z,0.0003234685265216,42166334.90800957,0.1707530060762283,83.28778421353586,89.93754357453986,275.74562233598004,0.0207175575401066,-18.02489828757572,35786828.06680992,757273.4827612685,42158162.44661189,12443.77503793354,-3074.1892676726943,54.22828597524625,9.117825425054278
2023-01-08 02:00:00.000000Z,0.0003315102260786,42166903.573606834,0.1714651832217771,83.3797184553456,87.8337401587139,307.8442981624781,0.0396683952982001,-18.020227983972973,35780187.47700034,-20475810.689690307,36851866.76452994,73582.7111372996,-2687.7119336801675,-1494.2950785640464,7.474165221816038
2023-01-08 04:00:00.000000Z,0.000321592027446,42166259.90599423,0.1719518580268853,83.57462774888292,89.81347364804488,335.7645347801867,0.0483352881785571,-18.007475994889337,35775756.977169625,-36190477.26897306,21614505.836693417,115189.57556124905,-1576.60959596179,-2640.624903153845,3.815032094305612
2023-01-08 06:00:00.000000Z,0.0002972440915594,42165080.63254807,0.1720524782707072,83.7472384945284,93.84782832956692,1.6562358681836111,0.0443108541102132,-17.99093485760258,35774415.55716957,-42148765.71767648,550780.9513506838,125995.35552272582,-40.21539604653145,-3075.27748838312,-0.8857539160781085
2023-01-08 08:00:00.000000Z,0.0002781433505029,42164571.530887805,0.1720087395090735,83.80194125790247,98.9463527614318,26.601141395171105,0.0285203943696177,-17.97493459740427,35775947.52913576,-36743315.15632159,-20661196.26906745,102966.49117702738,1507.023478581184,-2680.85800964284,-5.366768875940673
2023-01-08 10:00:00.000000Z,0.0002717461016499,42165169.39906226,0.1721624253215414,83.76603773704483,105.48652860712788,50.19116950288413,0.0050356405574499,-17.962776001149685,35779694.68742142,-21432299.021490984,-36303396.66089251,52173.80911620846,2647.773586316952,-1563.9135165713462,-8.419297669540091
2023-01-08 12:00:00.000000Z,0.0002693412518439,42166234.76657392,0.1726127742087798,83.744665434212,111.90824633071838,73.87894208642304,-0.0199724053012391,-17.956802159487296,35784941.44408876,-344516.8593792928,-42161668.93930269,-12808.204136969109,3074.6919202044783,-25.917094206149137,-9.216390447564796
2023-01-08 14:00:00.000000Z,0.0002646357852223,42166775.96132871,0.1731657228187912,83.81529702564617,114.66717176061458,101.12976965424632,-0.0398704659481746,-17.95855450699157,35790790.13906562,20836717.93418176,-36661206.2517871,-74545.85238247144,2673.241000338928,1518.4570087906102,-7.537949471945705
2023-01-08 16:00:00.000000Z,0.0002651910789914,42166336.74372842,0.1735416911995062,83.96580236219141,112.01252170141898,133.70630217653076,-0.0493399152251615,-17.96829392613619,35795924.6401165,36407011.11767222,-21287730.20246634,-116439.66258420232,1552.1420494812571,2653.380162707119,-3.8303662824658673
2023-01-08 18:00:00.000000Z,0.0002792139435539,42165333.05989134,0.173624090207123,84.1142111313117,106.69945971988574,168.93720081693095,-0.0458043849563592,-17.984173181813183,35798750.32633433,42176296.91566297,-183369.39086435968,-127190.94650323324,13.53117490834714,3073.745362445209,0.9143688049983112
2023-01-08 20:00:00.000000Z,0.0002980209982838,42164668.25020526,0.1735600679968143,84.18209412559428,101.78073599227316,203.85236977331047,-0.0301218970408342,-18.00197690493294,35798023.34719402,36593296.58881551,20970177.955281142,-103838.44097325172,-1528.6214302073113,2666.7505158075187,5.425512226939178
2023-01-08 22:00:00.000000Z,0.0003118184446369,42164979.034990646,0.1736452884119669,84.16528364065661,96.74959173264808,238.96831273293435,-0.0063640617677851,-18.016130593010384,35793616.88325642,21160212.755195376,36478753.53260183,-52558.82720918139,-2659.5404777925964,1541.780859781109,8.493506963972573
2023-01-09 00:00:00.000000Z,0.0003252555304517,42166045.7900661,0.174064776192176,84.14725110466965,91.46442878212328,274.3479577827277,0.0192486205534861,-18.02182577406814,35786864.596860506,29722.969993613195,42164989.122700304,12972.58188921644,-3074.6535715906957,1.1673774808262607,9.29250711714734
2023-01-09 02:00:00.000000Z,0.0003376721357616,42166859.97909443,0.1746851992681096,84.22732814090766,88.5830778207927,307.23599122458165,0.0399704277436345,-18.017203815580707,35780104.19089832,-21108564.87768845,36493014.81126378,75221.16798160796,-2661.5216267635733,-1540.4679557338925,7.601009996228017
2023-01-09 04:00:00.000000Z,0.000332870563741,42166552.09535079,0.1751462808382214,84.41106137761413,89.39727737304518,336.33320130201065,0.0502921769802645,-18.004188323011483,35775558.84829301,-36557948.2963723,20986583.556467198,117470.3036856842,-1530.8088532744305,-2667.4662088257564,3.863128417025361
2023-01-09 06:00:00.000000Z,0.0003083955324919,42165423.07386277,0.1752485248869194,84.59166460294378,92.2855736507464,3.363343226420023,0.0473954017466937,-17.987271037492288,35774304.84443761,-42151874.88790971,-177013.50390343368,128303.826256628,12.857017757718268,-3075.534096850825,-0.92579479662053
2023-01-09 08:00:00.000000Z,0.0002832139667514,42164657.81643678,0.1751768793216327,84.66820110990099,96.17619691779004,29.49436431822201,0.031930436663497,-17.97122137079052,35776125.96813921,-36381246.94021335,-21292623.002972394,104702.2306954512,1553.0421095311433,-2654.4524262269497,-5.481906367051332
2023-01-09 10:00:00.000000Z,0.0002694533190611,42164979.62309364,0.1752632321013442,84.65108532487899,101.80621759605545,53.975263670934645,0.007895408245055,-17.959558874678308,35780158.53523208,-20802827.96698441,-36668261.92290415,52901.14529896333,2674.318676873449,-1517.9910303130412,-8.577794506238167
2023-01-09 12:00:00.000000Z,0.0002617639380913,42165985.0252846,0.175632579602265,84.63477555150375,108.2771406297828,77.60793653426744,-0.0183886894899102,-17.954418073752553,35785476.61618952,382530.961853018,-42161876.23238244,-13252.115328450189,3074.6329956481213,27.112719719300685,-9.375844743273973
2023-01-09 14:00:00.000000Z,0.0002542261454341,42166698.5255242,0.1761215827803686,84.69688987922926,111.990740942393,103.9118880962166,-0.0399502221156057,-17.956890051538384,35791136.3421642,21465485.50388079,-36297035.24363215,-76012.74158181131,2646.635764287369,1564.3125968597178,-7.65627143024273
2023-01-09 16:00:00.000000Z,0.0002528929087234,42166508.82959528,0.1764666737198355,84.83371756608011,110.49760836056674,135.34032685292877,-0.0510319324914986,-17.966883479068766,35795955.480460614,36768332.54248752,-20657438.17173473,-118513.07680495786,1506.1690108989378,2679.748222956269,-3.876862060640563
2023-01-09 18:00:00.000000Z,0.0002662362293167,42165630.40263429,0.176544036502046,84.97465154421198,105.93517732868472,169.8283048636827,-0.0486365137171372,-17.982525998951584,35798542.903543755,42172981.503031015,543358.8518321202,-129300.78421869969,-39.45226250418909,3073.5479036904035,0.9506765221991832
2023-01-09 20:00:00.000000Z,0.0002875668289971,42164851.83303338,0.1764695116552248,85.04822313538862,101.62239966410868,204.13227913240357,-0.0333331603911372,-17.99988842829998,35797779.77476785,36226165.54330549,21597726.091506988,-105417.68600113878,-1574.36765980941,2640.02981174178,5.5327959261598645
2023-01-09 22:00:00.000000Z,0.0003057664894671,42164879.34754632,0.1765002507198834,85.0453632897786,97.43448106299952,238.39133243507288,-0.0091140252584341,-18.013755294496278,35793496.69391755,20528010.239821687,36838086.99912264,-53199.69261384221,-2685.723602514988,1495.714381652056,8.640454059723258
2023-01-10 00:00:00.000000Z,0.0003224458522145,42165750.24955536,0.1768133539204673,85.03300778815759,92.74850804290016,273.16611141323165,0.0176537255829602,-18.01945064332323,35786857.95154525,-697323.5328772184,42159226.26423415,13408.381618951107,-3074.2059877103693,-51.8411077199855,9.43747612672262
2023-01-10 02:00:00.000000Z,0.0003389301444938,42166697.13482986,0.177323950033941,85.09891132429134,89.52377485259215,306.4116174528625,0.0399005308316167,-18.01491299100085,35780073.7919511,-21734597.18601992,36123623.27057076,76572.01728265599,-2634.556495245441,-1586.1357164490532,7.704469257829421
2023-01-10 04:00:00.000000Z,0.0003406787421813,42166746.17926587,0.1777305333314988,85.26036136546891,89.40889454710162,336.4603064546527,0.0517132639162732,-18.001781736919384,35775438.531817645,-36914281.87646554,20353021.442388628,119332.98975951796,-1484.5860380906825,-2693.483474292288,3.8990572200477
2023-01-10 06:00:00.000000Z,0.0003195211510431,42165797.41120224,0.1778255974585919,85.43256328440097,91.25683571904284,4.539482000463935,0.0498978195239134,-17.984586170702098,35774229.800245576,-42142470.402819306,-904031.560328058,130156.76787427303,65.88082161918521,-3074.874391491541,-0.963780971938698
2023-01-10 08:00:00.000000Z,0.0002910383765309,42164856.72479735,0.1777386749594778,85.51865000004112,93.84973727396218,31.958729827649663,0.0348446544758408,-17.968480025686656,35776307.15117037,-36008704.09647021,-21917097.06410897,106050.00895336377,1598.5564487120855,-2627.2869996759355,-5.58059007087405
2023-01-10 10:00:00.000000Z,0.0002709018163055,42164870.0343699,0.1777718847321874,85.51544170787163,98.07589300280084,57.829113561207606,0.0104642097376882,-17.957290339684736,35780648.92993798,-20167773.52603444,-37021902.84536185,53401.66223098709,2700.0407046689747,-1471.6693081125604,-8.70883854708907
2023-01-10 12:00:00.000000Z,0.0002574172130981,42165724.78331722,0.1780621668670423,85.50359989124124,103.89469133964748,82.10854652145642,-0.0168179381498217,-17.95304709108057,35786094.79927668,1108739.8883246067,-42149649.47798744,-13704.415703094288,3073.654804536041,80.07086326495948,-9.503338574304454
2023-01-10 14:00:00.000000Z,0.0002458076714799,42166540.42678115,0.1784765272588241,85.55614284591356,108.07984517033664,107.94963362941752,-0.0397587768237324,-17.95640251313128,35791595.38208114,22087211.364541046,-35922631.480955966,-77265.33328549613,2619.2676267766856,1609.6425860873796,-7.746024499834824
2023-01-10 16:00:00.000000Z,0.0002413774567483,42166596.75443183,0.1787769446625129,85.67450330692,107.6553366210056,138.32748736009236,-0.0522328812429293,-17.966824344972167,35796061.265913226,37118337.83454359,-20021926.6320089,-120200.75148428748,1459.798998842625,2705.2827185918904,-3.905318913523206
2023-01-10 18:00:00.000000Z,0.0002525323222578,42165907.300669625,0.178844617915391,85.79898016482596,103.99172778027184,171.93327351130336,-0.0508762359603182,-17.982292656281928,35798313.15790586,42157155.38486374,1268877.1358180903,-130947.22029822187,-92.3644813545728,3072.439903885804,0.9900913245394002
2023-01-10 20:00:00.000000Z,0.0002745213088436,42165102.494554974,0.1787723153727608,85.86753938626833,100.42550099296106,205.49626555938312,-0.0359925631022738,-17.999097552737037,35797412.86126509,35848673.35098357,22217971.72768802,-106567.6887322163,-1619.6030654857425,2612.5651042556365,5.627737026752833
2023-01-10 22:00:00.000000Z,0.0002959816648841,42164884.28661495,0.1787760586308683,85.87086067353222,97.22869491165548,238.75855747845975,-0.0114819894703877,-18.01243182256676,35793217.30041753,19890316.259844363,37185959.38359857,-53546.83774940176,-2711.0951238101816,1449.2619595022768,8.762920944788387
2023-01-11 00:00:00.000000Z,0.0003155919710878,42165490.26167828,0.1790069161866115,85.86243334656248,93.49359496914369,272.57875998969166,0.0161843919858489,-18.0179031979514,35786750.35096548,-1423549.589692731,42140847.61306021,13935.373328094089,-3072.85529224978,-104.77641935058584,9.551789883275832
2023-01-11 02:00:00.000000Z,0.0003354622254766,42166441.21050424,0.1794066031551642,85.9141296024782,90.40439108729736,305.7029203064013,0.0396721847187404,-18.013390277868556,35780046.17145959,-22353689.387225583,35743795.63916092,77791.654746976,-2606.833750601361,-1631.2835780551209,7.777942926402631
2023-01-11 04:00:00.000000Z,0.0003441820226529,42166814.06871871,0.1797374100470319,86.04542593424893,89.68455370538977,336.3867372232997,0.0527247956504136,-18.00024204997505,35775378.4041981,-37259392.383405305,19714003.373761367,120870.21197620126,-1437.9599280577338,-2718.669209474423,3.911994564291561
2023-01-11 06:00:00.000000Z,0.0003293085210535,42166156.63463179,0.1798166790325247,86.19297537885498,90.71320325430848,5.310028047191526,0.0518259697861073,-17.982874402007855,35774193.52840199,-42120595.34090667,-1630063.6754279393,131560.04795769107,118.8394917404762,-3073.298991842441,-1.0125516551417015
2023-01-11 08:00:00.000000Z,0.0003008332759876,42165155.43899636,0.1797314302923566,86.27350958991936,92.1405208551474,33.90046002006162,0.0371467122163276,-17.966719466693938,35776488.876197785,-35625831.026020505,-22534445.03060934,106924.6196525491,1643.5554507791749,-2599.3709941169013,-5.674752740735808
2023-01-11 10:00:00.000000Z,0.0002762531042025,42164863.91927203,0.1797364776165618,86.27691537895433,94.71322932808263,61.41724190200088,0.0125259848258891,-17.955964500045486,35781151.63081413,-19527330.64309419,-37364235.72965352,53516.95529209973,2724.9369481824488,-1424.9632234552687,-8.820360586464759
2023-01-11 12:00:00.000000Z,0.0002575747988918,42165486.39823208,0.1799613579475296,86.26848050434496,99.19417393843224,87.03019208170355,-0.0155244988266861,-17.952651513102513,35786783.91660441,1833926.1501894563,-42125017.08563871,-14359.030675857704,3071.762908188725,132.94182923608415,-9.600557956426686
2023-01-11 14:00:00.000000Z,0.0002413653504169,42166319.286085136,0.1802987160101655,86.31143420029676,103.15068531381672,113.10847892959592,-0.0395429654058533,-17.95703983750185,35792174.609721184,22701775.10723931,-35538126.39285208,-78484.84067000843,2591.148262101648,1654.4342627049018,-7.802046115213231
2023-01-11 16:00:00.000000Z,0.0002328123308948,42166593.82654118,0.1805446945245633,86.40818805767027,103.45202462078592,142.7814625985889,-0.0531096537908146,-17.968090656174137,35796273.54479021,37457006.65632587,-19381402.500063136,-121625.38120904364,1413.047873153211,2729.9757536848924,-3.904997009434375
2023-01-11 18:00:00.000000Z,0.0002403247445835,42166138.53569691,0.1805986896745254,86.50875814854963,100.69467565004796,175.5049449168147,-0.052568510889596,-17.983508893946414,35798103.93533888,42128921.12163431,1992946.5218844889,-132163.57057054987,-145.18776410820985,3070.4208448595127,1.0461489598172828
2023-01-11 20:00:00.000000Z,0.000260984913293,42165395.16280122,0.1805408925161774,86.56252437262995,97.9700294795175,208.24175751729308,-0.0380128044888251,-17.999704579172462,35796952.06849031,35461042.46508409,22830705.36114107,-107224.7430533452,-1664.3131636177625,2584.365155493388,5.723162843144049
2023-01-11 22:00:00.000000Z,0.0002840677900004,42164994.06493321,0.180547294266263,86.5642577326818,95.89309791826896,240.38651680502556,-0.0132718378424948,-18.01228457607628,35792773.240443304,19247425.734028336,37522252.269903615,-53456.690762308834,-2735.650357095591,1402.4392702105852,8.869809502501374
2023-01-12 00:00:00.000000Z,0.0003058316376734,42165301.94276202,0.180729633696402,86.5578328252947,93.42952420073028,272.9336807507803,0.0150958695733526,-18.017266494871578,35786501.01971176,-2148671.774648096,42109852.66571997,14740.57870030725,-3070.609180933779,-157.62271881538544,9.6384120261756
2023-01-12 02:00:00.000000Z,0.0003280844797685,42166130.71994716,0.181033378090674,86.59721045967882,90.98689580691912,305.42370325687307,0.039538215020865,-18.012635363952942,35779972.24587583,-22965646.22449143,35353628.05253875,79065.44842118872,-2578.3690297704084,-1675.9010673309565,7.818053258450242
2023-01-12 04:00:00.000000Z,0.0003431398013562,42166740.97363703,0.1812792769048297,86.69497517538235,90.0797274062257,336.32836296282653,0.0535187714346954,-17.99950709138012,35775351.512961775,-37593204.22873123,19069678.802409463,122222.88431560708,-1390.947119899174,-2743.018949977068,3.893198719461672
2023-01-12 06:00:00.000000Z,0.0003366573270825,42166449.62268928,0.1813362640770863,86.8041119999955,90.59806966568208,5.800447028453413,0.0532663202851387,-17.982065371076597,35774189.630932055,-42086283.7245106,-2354948.9108532323,132577.27583790108,171.7197347485685,-3070.809198342146,-1.0844611260531534
2023-01-12 08:00:00.000000Z,0.0003116491361656,42165527.10419484,0.1812725318515305,86.86284704394814,91.17292499668376,35.26517514450687,0.0387946164172176,-17.965874877405874,35776659.39398841,-35232737.04942897,-23144536.847698584,107295.41272266988,1688.0319744698768,-2570.711533337018,-5.7777168304029765
2023-01-12 10:00:00.000000Z,0.000285198178893,42164976.93372329,0.1812841974996404,86.86354297920249,92.14675213424432,64.38317874757338,0.0139166116255956,-17.955489209779994,35781637.97011244,-18881632.166081797,-37695195.57885986,53126.64789040327,2749.0080788901646,-1377.882985331438,-8.923412799604172
2023-01-12 12:00:00.000000Z,0.0002629717716486,42165303.2984447,0.1814697282224745,86.85692298889757,94.81524590749656,91.80585756972938,-0.0147570687174799,-17.953084127221622,35787512.8112957,2557985.9937754343,-42087985.15525852,-15398.56803447266,3068.9641457427733,185.71667495851784,-9.67331836060174
2023-01-12 14:00:00.000000Z,0.0002427769012264,42166057.9509721,0.1817378398300247,86.89133689858546,97.78145775656562,118.88184494011658,-0.0395751397044286,-17.95861193478272,35792863.55053177,23309133.37270627,-35143579.90510348,-79871.40770738357,2562.2870736651525,1698.6816188183093,-7.823250789895437
2023-01-12 16:00:00.000000Z,0.0002297177207782,42166498.281098805,0.1819252360470157,86.96524685550759,98.2161027209318,148.44353331275087,-0.0538898307028664,-17.970496349280737,35796614.70528261,37784366.51886223,-18735960.31158905,-122954.38853885088,1365.9258515950748,2753.823603067693,-3.868092748062048
2023-01-12 18:00:00.000000Z,0.000232376907985,42166301.57465015,0.181963024096233,87.03635698464761,96.13109646908974,180.5240018257219,-0.0538387849605904,-17.986044979782413,35797962.65829669,42088383.000631474,2715455.1961409813,-133042.35424270344,-197.9110616288341,3067.48994190812,1.1313780782504377
2023-01-12 20:00:00.000000Z,0.0002497354380016,42165702.32425231,0.1819311108633693,87.06704374362153,94.18860024271598,212.50232294759832,-0.0393863553272196,-18.001660937492606,35796445.485240504,35063455.08171431,23435827.1332331,-107383.7422025072,-1708.488014925755,2555.4343867810508,5.83305575165813
2023-01-12 22:00:00.000000Z,0.0002723733807382,42165200.82524593,0.1819697719383434,87.05999644792394,93.26990099072796,243.4985468947456,-0.0143465518089574,-18.01332452276619,35792186.02001195,18599573.94119796,37846917.99604792,-52829.0233408464,-2759.385393054387,1355.2559861656564,8.972991264096786
2023-01-13 00:00:00.000000Z,0.0002948925500858,42165214.07856602,0.1821429109786604,87.0537060522385,92.33271780724672,274.5199414280654,0.0146189242899006,-18.01755136988592,35786093.54513285,-2872460.3882238744,42066269.77619518,15993.138674202335,-3067.473238519324,-210.3695269573402,9.7042458834077
2023-01-13 02:00:00.000000Z,0.0003180760338797,42165810.855933815,0.1823797127609692,87.08433999901825,91.05089821511062,305.85821729002254,0.0397663211834795,-18.012602315294306,35779814.60205717,-23570306.94946335,34953211.84111925,80589.78280420102,-2549.17501698311,-1719.9816452541413,7.82538210715718
2023-01-13 04:00:00.000000Z,0.0003378511610809,42166531.38333783,0.182545564057251,87.15018272769937,90.45544632751523,336.48308540008844,0.0543374889666661,-17.99947099000857,35775330.86556157,-37915655.82236005,18420168.993763845,123568.91719238322,-1343.5615310219007,-2766.530674607482,3.837107200937738
2023-01-13 06:00:00.000000Z,0.0003405904320593,42166626.01152651,0.1825781252989499,87.21228539459965,90.852593216148,6.123389360345979,0.0543809666204141,-17.9820381740421,35774209.36580738,-42039564.33521769,-3078564.0763034243,133327.6283607308,224.5108912318043,-3067.4064140451146,-1.18997328575553
2023-01-13 08:00:00.000000Z,0.0003222313925683,42165929.36432836,0.1825567900525141,87.2342471073089,91.0171790891189,36.0351770527754,0.0398318018090692,-17.96583026639874,35776803.5006776,-34829507.34580894,-23747272.162087098,107194.4712179675,1731.9814441419244,-2541.3134568824366,-5.9027716730905
2023-01-13 10:00:00.000000Z,0.0002967713048182,42165214.75749533,0.1826177465407456,87.22177412483991,90.74269463597022,66.4143897203893,0.0145473055179605,-17.95571608662502,35782067.78226567,-18230768.875126906,-38014723.6230178,52165.63931958339,2772.257066437381,-1330.4346317564496,-9.031143524192403
2023-01-13 12:00:00.000000Z,0.0002732817006069,42165209.71487198,0.1828028000007574,87.21502251172066,91.47357403524096,95.77400688410846,-0.0147186408334203,-17.95411920408661,35788228.86782347,3280870.3278237022,-42038530.09107254,-16972.166940355426,3065.266320425772,238.39217090516024,-9.731291771351971
2023-01-13 14:00:00.000000Z,0.0002508928301921,42165795.71318384,0.1400581648326436,84.84132162122546,95.33414720623834,124.36257426883472,-0.018665738326082,-17.960803586969767,35793628.04356916,23909341.757647965,-34738981.10051962,-65844.61118349465,2532.6975950179653,1742.3844161401057,-5.78308856996893
2023-01-13 16:00:00.000000Z,0.0002340246017298,42166326.05500412,0.1401839006028259,84.91211468653175,95.22149025291272,154.4736729768581,-0.0172967961040658,-17.9737017182372,35797093.348401174,38100553.73801279,-18085588.01704073,-96776.60576353502,1318.4417460593293,2776.826289015881,-2.610572595783042
2023-01-13 18:00:00.000000Z,0.0002313069981024,42166386.493587926,0.1402005444081944,84.96398440990352,93.30438929788885,186.40512081613,-0.0113628333554285,-17.989619100248564,35797941.96556283,42035727.3508196,3436410.189968653,-101724.78789523029,-250.5288223767612,3063.645967578396,1.2687382835399774
2023-01-13 20:00:00.000000Z,0.0002437278480389,42166004.65590504,0.1402036540307505,84.96682312917385,91.79965584593278,217.973976733222,-0.0024057914573743,-18.004793228633766,35795967.9901813,34656131.49050482,24033339.14659557,-79317.69802845246,-1752.1237797966162,2525.7733683755405,4.81319170569879
2023-01-13 22:00:00.000000Z,0.0002637180433663,42165500.04539045,0.1403037110198487,84.94048648024527,91.83934461718516,248.0320723795162,0.007229849960181,-18.015481080964687,35791520.303026736,17946995.93870556,38159979.96602775,-35535.82028249917,-2782.300680012788,1307.7176770957944,7.06907010134908
2023-01-14 00:00:00.000000Z,0.000284994166134,42165258.24523734,0.1405091302406517,84.93408432040775,92.5031107745092,277.45358518183133,0.0150060740305903,-18.01873889163339,35785559.01768978,-3594711.344043118,42010177.24873807,17878.23824042566,-3063.4560370225936,-263.0078560136178,7.426372362705812
2023-01-14 02:00:00.000000Z,0.0003070791744865,42165542.18462852,0.1407149550065015,84.9727861958772,92.80382654002784,307.20177258391004,0.0188550922324491,-18.013267085670662,35779573.899763934,-24167558.742642377,34542687.53762171,66559.84147721689,-2519.267891140757,-1763.5177722980322,5.783850851964713
2023-01-14 04:00:00.000000Z,0.0003290287440398,42166221.50740025,0.1408151780249751,85.0281309517632,93.0491870577202,336.99637637771514,0.0177264005242908,-18.000090862481407,35775313.16410906,-38226762.90138773,17765654.385182597,97380.25082727868,-1295.821621194104,-2789.201037182181,2.578649534565664
2023-01-14 06:00:00.000000Z,0.0003402103005108,42166654.91888199,0.1408254475654941,85.04786747849491,93.77301098554776,6.352273809807733,0.0118746249529289,-17.982766789863998,35774260.40518202,-41980575.61625151,-3800720.408322659,101991.33844142924,277.198243530946,-3063.09183771339,-1.328677187542373
2023-01-14 08:00:00.000000Z,0.0003308827418583,42166315.45839948,0.1408677119750895,85.01669145122847,94.0552826203006,36.19948873234415,0.0028100584703817,-17.96659146692477,35776917.97921029,-34416356.59284334,-24342489.65722479,79097.77540178708,1775.3981965417386,-2511.183233119996,-4.88482240565838
2023-01-14 10:00:00.000000Z,0.0003092268075145,42165578.67191577,0.1410272026230355,84.97352582633408,93.11956854445754,67.27047112381865,-0.0070844389564388,-17.956624433954147,35782400.32036679,-17574952.225774795,-38322718.43686303,34827.93705734627,2794.690575256676,-1282.6275080955663,-7.128989148418171
2023-01-14 12:00:00.000000Z,0.0002868239677504,42165249.484733,0.1412627368559786,84.96613904389825,92.14665838504246,98.33389644243483,-0.0151799361670701,-17.955630742679443,35788862.01422767,4002452.592977504,-41976610.40811943,-18910.990288649275,3060.685181177703,290.9619152475589,-7.454083813907226
2023-01-14 14:00:00.000000Z,0.0002648393582955,42165548.703725375,0.1414602074258339,85.00334910767077,91.75394999369551,128.76376231740645,-0.0193043199341205,-17.963396420295087,35794401.74747261,24502253.67661368,-34324306.44572353,-67646.06279393843,2502.3780179914083,1785.5427106083148,-5.770808807357896
2023-01-14 16:00:00.000000Z,0.0002460849698162,42166068.39870198,0.14154432550575,85.04980514500664,90.63625853874102,159.90312512064313,-0.0183257640878777,-17.977401757206888,35797675.744912595,38405414.403578736,-17430251.69212484,-98239.24093870168,1270.5954283089266,2798.9858463759274,-2.5305308113413907
2023-01-14 18:00:00.000000Z,0.000238558764394,42166355.513047,0.1415519847911583,85.0596193938227,88.36056114714025,192.2346544160491,-0.012459138987184,-17.99388931135909,35798049.09542147,41970811.84768322,4155855.641690265,-102421.68892035598,-303.0371546576521,3058.889421112119,1.3967028852504328
2023-01-14 20:00:00.000000Z,0.0002453058911923,42166247.44655124,0.141604089624238,85.02106209509132,86.71271664413,223.98828934711108,-0.0032171445256798,-18.00879138914647,35795551.274915606,34238978.85873931,24623282.99280953,-79019.43369743411,-1795.2106051798492,2495.3812431890915,4.955306434275179
2023-01-14 22:00:00.000000Z,0.0002609455198384,42165845.75817081,0.1417900255675568,84.97187319986081,87.16108668149901,253.66151705031808,0.006979252432028,-18.01851828715802,35790801.37936758,17289684.502557915,38461474.21367432,-34280.15585948356,-2804.3831336670337,1259.8237835629045,7.1865720003757065
2023-01-15 00:00:00.000000Z,0.0002787823630797,42165424.91231484,0.1420671952185727,84.964083484183,89.16048000554177,281.74992040615166,0.0154301519624165,-18.020646093716493,35784890.984786265,-4315342.318976656,41941606.52427393,19787.583588934125,-3058.546599722007,-315.53885225905697,7.485852045517093
2023-01-15 02:00:00.000000Z,0.0002972065319342,42165356.58362206,0.1422893513430179,85.00599443986157,91.25541619279898,309.7014276611069,0.0198638485214408,-18.01442491101302,35779212.21868225,-24757257.08522388,34122069.178356275,68626.0402114706,-2488.641447051209,-1806.5132755463476,5.766344705026912
2023-01-15 04:00:00.000000Z,0.0003178717048647,42165836.71461213,0.1423602624995229,85.0428263949674,92.86690816805437,338.1485826151699,0.0190394121779935,-18.001078602159584,35775258.8002051,-38526351.702325046,17106115.65968673,99039.56977336992,-1247.7253347347844,-2811.034718230467,2.4850422955545737
2023-01-15 06:00:00.000000Z,0.0003349106444918,42166491.76447328,0.1423638865872157,85.01067090927707,94.42301551741454,6.723943811184845,0.0130901801745347,-17.983899030698797,35774329.82773565,-41909143.38043492,-4521460.036833187,102760.99926944172,329.77976349006565,-3057.8665176732384,-1.4771023386264752
2023-01-15 08:00:00.000000Z,0.00033557095008,42166593.34821114,0.1424864639089748,84.91668622711377,95.37687921274808,35.962287671650486,0.00351917238605,-17.967811253487962,35777001.74289214,-33993140.10009107,-24930221.684078764,78710.50738065816,1818.2763472197,-2480.3173559815623,-5.050549008006721
2023-01-15 10:00:00.000000Z,0.0003202099476905,42166015.377119325,0.142787360567443,84.83730891776914,94.48758691225312,67.02301722178909,-0.007165016806068,-17.95788712437876,35782604.06366131,-16914085.784196045,-38619175.01501521,33320.466017003724,2816.3016099847137,-1234.4547461804718,-7.266901191710194
2023-01-15 12:00:00.000000Z,0.0003008766005524,42165430.04357601,0.1431318924542608,84.82792647086706,92.3175280910106,99.28523168984458,-0.016101867535419,-17.957248782690158,35789336.30185146,4722779.339451842,-41902156.39997012,-21186.40111723458,3055.2136172637747,343.43726521921826,-7.523897543498311
2023-01-15 14:00:00.000000Z,0.0002818441273091,42165374.12931315,0.1433563169126361,84.87044018637631,90.2194643945203,131.4142916283757,-0.0208555340408942,-17.965871950442455,35795096.54322943,25087995.732093133,-33899397.97292501,-70103.30346033548,2471.336128190697,1828.170105498545,-5.749662474330229
2023-01-15 16:00:00.000000Z,0.0002639972221942,42165759.59313222,0.1434188632717555,84.90330561723366,87.90844625880938,163.7594873918107,-0.0200859850485531,-17.980961268564613,35798309.814118594,38699091.21716651,-16769703.680208497,-100215.2009869156,1222.3834780349998,2820.312091224256,-2.420540151815604
2023-01-15 18:00:00.000000Z,0.0002533995077018,42166205.84480357,0.1434226355829806,84.8779874079926,84.9151788722333,196.84297003787304,-0.0139210581730951,-17.99819762959521,35798295.15879117,41893724.47864088,4874073.805402023,-103360.46696187972,-355.4464645545333,3053.219527085673,1.5685298591934256
2023-01-15 20:00:00.000000Z,0.0002549160080639,42166402.62518003,0.143528833098457,84.79981864340502,82.52902731067519,229.3745529940159,-0.0039338673455175,-18.013070223821497,35795262.771773115,33812011.46644135,25205899.03789388,-78629.42230592635,-1837.7573385585004,2464.2481252427133,5.144238276260901
2023-01-15 22:00:00.000000Z,0.0002656564604272,42166211.7110166,0.1438173376258349,84.72685166912768,82.58192215759217,259.4678579356907,0.0072625989330427,-18.021973423644035,35790119.3658097,16627608.978443531,38751559.97446134,-32620.690709895545,-2825.6364606041075,1211.562983386643,7.342080970392883
2023-01-16 00:00:00.000000Z,0.0002785196667593,42165722.17738808,0.1441992538207445,84.71898269822823,85.21261915458969,286.9262165326429,0.0166965361459863,-18.022921774353243,35784163.04296851,-5034400.704351397,41860648.06501407,22313.351191106365,-3052.746647621701,-367.9699310061793,7.565171137391831
2023-01-16 02:00:00.000000Z,0.0002906769811822,42165313.54486393,0.1444805580666165,84.77371242168827,88.86486448406801,313.3085119463076,0.02181769272742,-18.015784448119582,35778767.6137338,-25339466.583131064,33691407.59646381,71370.876678386,-2457.2990450215084,-1848.97211701823,5.746024827399776
2023-01-16 04:00:00.000000Z,0.0003059752493041,42165455.999870345,0.1445564616600663,84.8125530119453,92.11913498713918,340.11115918646885,0.0211746234718981,-18.00215835658804,35775186.482930444,-38814517.8922247,16441582.1603763,101278.175153305,-1199.2776963245317,-2832.033786537662,2.3673460197762703
2023-01-16 06:00:00.000000Z,0.0003244748301944,42166153.17709739,0.1445621883506863,84.7522373688253,94.9467277703047,7.442987282494339,0.0148149468286504,-17.98518634583707,35774449.5285271,-41825401.273497626,-5240760.315359946,103877.58470579014,382.25015010674895,-3051.7301575391048,-1.6646538540651643
2023-01-16 08:00:00.000000Z,0.0003340141163701,42166697.93656876,0.1447627985215706,84.60790806121256,97.09714595204942,35.53490330954162,0.0043093413618094,-17.969316624595294,35777098.10780108,-33560024.935581736,-25510437.725471348,78360.46065086409,1860.612523476406,-2448.714384980919,-5.261597035900998
2023-01-16 10:00:00.000000Z,0.0003267584142167,42166471.75677715,0.1452299636542928,84.492312213944,97.0209201717997,65.81878485400146,-0.0076141812655532,-17.959392904838214,35782687.10973488,-16248339.707376145,-38904055.72889009,31530.57818901297,2837.093489118909,-1185.9157799221389,-7.446626182766877
2023-01-16 12:00:00.000000Z,0.000311965113972,42165774.65117189,0.1457400086343985,84.48284294426271,94.36249810132284,98.56938532592795,-0.0177642789374995,-17.958818937005745,35789593.71595539,5441735.302965844,-41815122.31557605,-24003.88085498594,3048.863013196729,395.8207729860921,-7.622508926478797
2023-01-16 14:00:00.000000Z,0.0002978444272929,42165328.65838248,0.1460457300659683,84.54243788174479,90.82919452710044,132.11610290267456,-0.0233513203453037,-17.967942998553752,35795611.91409207,25666496.006097123,-33464170.6291001,-73239.64469623861,2439.577870197541,1870.2745689836204,-5.736846521606449
2023-01-16 16:00:00.000000Z,0.0002840203770329,42165442.017818,0.1461156640439522,84.57861623810213,87.32795777158454,165.64730371307476,-0.0227704829272373,-17.98393250150688,35798906.86859455,38981537.36123376,-16103794.48448697,-102846.31907590076,1173.8062829272549,2840.8136672772075,-2.2955819891908718
2023-01-16 18:00:00.000000Z,0.0002730320342563,42165936.15959867,0.1461214648853105,84.53284599253548,83.52559854006877,199.55950032124196,-0.0160606561402111,-18.001998467944542,35798647.114969835,41804401.75170114,5591255.26788896,-104770.46857506076,-407.760860346479,3046.63812572368,1.7754586950983549
2023-01-16 20:00:00.000000Z,0.0002708195670091,42166429.09878536,0.1462793469564502,84.42385107718401,80.0777261515763,233.1834093773986,-0.0049127284924257,-18.017092141733546,35795133.31045573,33375141.02732298,25781360.35925158,-78409.80967966665,-1879.765636071351,2432.367878037579,5.3798634574191615
2023-01-16 22:00:00.000000Z,0.0002774859017443,42166545.5189525,0.14667455651779,84.33055973444344,79.00254191550049,264.42571192015214,0.0077657149962805,-18.02540174631364,35789541.85795042,15960690.39422702,39030354.27020825,-30788.242290682545,-2846.0565230180337,1162.9270311666137,7.544249800315184
2023-01-17 00:00:00.000000Z,0.0002854172301965,42166126.093637176,0.1471810391467657,84.32504613394748,81.30720941255434,292.20886167936334,0.018610776417425,-18.025233445256934,35783437.13784646,-5751924.854270917,41767368.283518426,25312.667568177843,-3046.050018021492,-420.30655925165854,7.679577512613151
2023-01-17 02:00:00.000000Z,0.0002897154091169,42165450.24539342,0.1475561176819768,84.4012877107172,85.77411907766121,317.75599969626256,0.0246888931244128,-18.01707719400403,35778268.29972206,-25914190.213502984,33250739.26840076,74773.95116598166,-2425.2376021427744,-1890.8976031778689,5.740938287976699
2023-01-17 04:00:00.000000Z,0.0002956822729194,42165165.42495076,0.1476698791549535,84.46386383189117,90.49557996515593,343.0681136724887,0.0242772933809818,-18.003057959418612,35775101.06940031,-39091258.49268556,15772068.05226413,104202.80954906528,-1150.4801444776292,-2852.2011763815644,2.242154231756216
2023-01-17 06:00:00.000000Z,0.0003098750872082,42165689.97036737,0.1476828890532699,84.40777532829011,94.82819011422012,8.890438785526925,0.017334863899527,-17.986344119378913,35774643.75919733,-41729373.264660485,-5958623.28300365,105551.306298792,434.6032125203034,-3044.6839619531056,-1.8796397381027916
2023-01-17 08:00:00.000000Z,0.0003245931445153,42166570.78997268,0.1479369798504146,84.24021830830891,98.60854462229332,35.37523179202751,0.0055476970849486,-17.97088905697501,35777272.23748784,-33117097.967316587,-26083140.465233486,78317.66897054331,1902.3957938431204,-2416.3737322587426,-5.513313409375241
2023-01-17 10:00:00.000000Z,0.0003259232580784,42166850.359770805,0.1485600558012618,84.09831565337245,100.09959274511276,64.11805836031998,-0.0080593826160328,-17.961053885870026,35782710.59610201,-15577881.292458734,-39177363.36716828,29732.492037313077,2857.056333167257,-1137.0117632387542,-7.671837034066538
2023-01-17 12:00:00.000000Z,0.0003166720923237,42166260.947591305,0.1492713995258629,84.0926147050557,97.8232683115928,96.48295252553818,-0.0198727928260727,-17.96032078439723,35789627.41666994,6159111.749617718,-41715524.223067954,-27146.523652583957,3041.63251307375,448.1106766503658,-7.762077401600122
2023-01-17 14:00:00.000000Z,0.000308433087082,42165468.88454673,0.1497135230488907,84.18234057761859,93.2659097453047,131.02352441041762,-0.0266507618670405,-17.969514462264357,35795865.830525726,26237571.437528376,-33018637.736302417,-76951.01951177107,2407.1100055627776,1911.8593142230552,-5.751005110990667
2023-01-17 16:00:00.000000Z,0.0003014991509618,42165182.29840735,0.1498256242676342,84.24406964603568,88.64281952703034,165.65047697733567,-0.0264355291144762,-17.986054311861526,35799361.219674215,39252620.04134741,-15432495.026188437,-106173.64984539412,1124.8697279234766,2860.498255713013,-2.1764698947487937
2023-01-17 18:00:00.000000Z,0.0002934842995377,42165567.86743615,0.1498372003282046,84.20049187368828,84.10310635654506,200.2970709570848,-0.0191265292477088,-18.00488391513265,35799036.96406326,41702737.24479815,6307479.379705193,-106834.26554317102,-459.9785846234519,3039.150270570404,1.9998732147764449
2023-01-17 20:00:00.000000Z,0.0002897783947749,42166291.51675241,0.1500319315643436,84.07676557104439,79.59873843683692,234.9917829201099,-0.0065392547881238,-18.02040190309993,35795162.03840983,32928272.307421643,26349759.95621201,-78643.86818181408,-1921.233113550829,2399.739347597592,5.65246727880558
2023-01-17 22:00:00.000000Z,0.0002941209279837,42166779.65048566,0.1505189534672216,83.97074407324497,76.99490446056832,267.7757700134223,0.0080585691656335,-18.0284077198782,35789120.34018995,15288866.02223038,39297930.232656725,-29098.827418041605,-2865.6366525676085,1113.91257803769,7.793917785166747
2023-01-18 00:00:00.000000Z,0.0002989371756028,42166582.70385533,0.1511496188471074,83.97001259620008,78.12567972600783,296.7289756908438,0.0208034197055028,-18.02729426283638,35782773.26946538,-6467922.313670617,41661823.32077094,28513.96179289068,-3038.4490485240394,-472.5497818456564,7.840319121228293
2023-01-18 02:00:00.000000Z,0.000295929146277,42165775.086898655,0.1516366623346977,84.07287320046066,82.38272705794137,322.4604031239212,0.0282583518930627,-18.01809175080286,35777742.445643336,-26481393.893043783,32800118.28121672,78674.12458138374,-2392.4538314635324,-1932.2898909187209,5.769853305044142
2023-01-18 04:00:00.000000Z,0.0002901020582422,42165053.04835808,0.1518118538326542,84.17644149196033,87.81969224984311,347.01653134163007,0.0283302035179469,-18.003561076245504,35774996.42209405,-39356536.44924522,15097618.175923243,107800.71677894908,-1101.3350019015309,-2871.5395816141763,2.13106335000892
2023-01-18 06:00:00.000000Z,0.000294002586866,42165202.20747768,0.1518305419438157,84.15734008704472,93.41754830581904,11.53635877334425,0.0208375908620448,-17.98711142265371,35774918.82383884,-41621057.56179383,-6675030.767072821,107920.09233808274,486.8312878550293,-3036.73212971412,-2.102555853786828
2023-01-18 08:00:00.000000Z,0.0003076226943794,42166202.02488546,0.1520902857029316,84.00213071729189,99.01499074940706,36.19107259131528,0.0075862569735478,-17.972300299084743,35777595.13208895,-32664437.483393308,-26648340.652712453,78841.05146993858,1943.6114025379457,-2383.2993545246472,-5.792097028488789
2023-01-18 10:00:00.000000Z,0.0003156255461345,42167032.98733795,0.1528101821121378,83.85232929819233,102.73622005395914,62.71127339058216,-0.0080557261434526,-17.962809461064182,35782790.83402415,-14902911.933234371,-39439146.20564524,28253.67660077289,2876.172382128272,-1087.7499153882902,-7.937454025131158
2023-01-18 12:00:00.000000Z,0.0003123638386912,42166811.56038907,0.1537142553773839,83.85407882040064,101.86391161132632,93.66489799452482,-0.0219830653559297,-17.961880290599552,35789512.39327492,6874606.80723503,-41603479.65056021,-30286.972855994383,3033.514100136242,500.2957280820533,-7.947917712335306
2023-01-18 14:00:00.000000Z,0.0003099207018326,42165830.56881052,0.1543318223404709,83.98366153365161,96.9118272338138,128.56065338034813,-0.0304139028431917,-17.970759394345762,35795836.98088285,26800919.888438568,-32562988.42424593,-80986.72251593009,2373.9401298863672,1952.9173655015447,-5.80788445713066
2023-01-18 16:00:00.000000Z,0.0003118510000914,42165070.19229101,0.1545202842669032,84.0940662614221,91.27550307061728,164.15207491111414,-0.0309349969644667,-17.987387717170893,35799582.30888503,39512126.11885982,-14756008.115738044,-110089.19217173144,1075.5890082133776,2879.369138464116,-2.086332736123888
2023-01-18 18:00:00.000000Z,0.0003105510965365,42165160.09658396,0.1545368959648951,84.08053685119123,86.12452126683586,199.3793562866408,-0.0232125706975629,-18.00674946387715,35799375.18791583,41588624.64237091,7022593.376870025,-109620.644135483,-512.0860119259285,3030.765361583276,2.216868592772914
2023-01-18 20:00:00.000000Z,0.0003081761233914,42165978.241573565,0.1547381775069125,83.96382504015868,80.80983016014262,234.8768508135321,-0.0091330552681449,-18.022793837382856,35795314.79060899,32471386.92137474,26911015.15091146,-79566.56898127364,-1962.148554977112,2366.372034920259,5.941827973728578
2023-01-18 22:00:00.000000Z,0.0003122150596794,42166841.49577676,0.1552783194626666,83.85553147428499,76.66091713395171,269.20819072242034,0.0076693277997,-18.030799112722864,35788882.31855752,14612196.268969942,39554272.33557346,-27899.45816523672,-2884.366188933488,1064.529177937805,8.080883287984573
2023-01-19 00:00:00.000000Z,0.00031681433223,42167005.390384,0.1560063847080972,83.86045181468309,76.13017546311534,299.8179437029573,0.0227642278363836,-18.029004509188773,35782222.44752501,-7182265.705455588,41544072.656705216,31541.89704157763,-3029.936704085884,-524.6884336648749,8.049895493383586
2023-01-19 02:00:00.000000Z,0.0003095470323718,42166250.940802924,0.1566003350357244,83.98862068103499,79.2879297348022,326.62434729123504,0.0321009936196811,-18.018810608918407,35777212.87294275,-27040927.86446693,32339679.8621518,82758.61292123287,-2358.9489949917124,-1973.1402749982765,5.847235884388652
2023-01-19 04:00:00.000000Z,0.000292489815008,42165180.0447752,0.156845679199616,84.13998988058896,84.3456290420326,351.512576700062,0.0330936665113517,-18.00364275906095,35774845.153880194,-39610239.86244632,14418400.789047085,111895.44842217288,-1051.8508317558972,-2890.0492789188324,2.05662850574465
2023-01-19 06:00:00.000000Z,0.0002820106704066,42164824.171274684,0.1568632780749596,84.18030614943208,90.27690403565558,15.639389358612943,0.0253209356242201,-17.98737043549913,35775236.2338683,-41500417.5053301,-7389851.450916221,110982.24779216122,538.9223674271693,-3027.883971371705,-2.308411715971481
2023-01-19 08:00:00.000000Z,0.0002869610124126,42165660.5195896,0.1570699369247875,84.0701481182212,97.2800802022474,38.84250099904882,0.0106568179767779,-17.973376674240285,35778097.8695565,-32202108.19325027,-27205991.06871171,80101.15096829757,1984.242483055818,-2349.504751080924,-6.075901073810483
2023-01-19 10:00:00.000000Z,0.0002963944851384,42166925.13578396,0.1577846627949773,83.93398385427109,103.60901619518653,62.74063466830609,-0.0071869623605223,-17.96461036768863,35783060.86482501,-14223639.376906946,-39689468.84821732,27400.5605370616,2894.419672825488,-1038.1484592914649,-8.228336533289754
2023-01-19 12:00:00.000000Z,0.0002981729161691,42167287.036449954,0.1588105579785628,83.94393557215885,105.23759036572264,91.18513935608402,-0.0235777160617785,-17.963717539826852,35789406.34435617,7587872.004553933,-41479209.46598084,-33044.11245951909,3024.4937099241674,552.3512356622953,-8.17490599087634
2023-01-19 14:00:00.000000Z,0.0003005148151917,42166391.71265531,0.1596032418612466,84.1131443664826,100.87965190286111,125.4476142787109,-0.0341324647474706,-17.972105310786326,35795601.207754366,27356166.47324064,-32097618.749693807,-84972.14510877861,2340.07605076602,1993.427269745256,-5.914630729348508
2023-01-19 16:00:00.000000Z,0.0003116739385573,42165197.51111343,0.1598915819903866,84.28774809219628,94.499840224052,161.71868288507636,-0.0358902101732986,-17.98837411373622,35799538.61447069,39759809.08581834,-14074829.780148162,-114313.8343744484,1025.989826087096,2897.4215308240214,-2.0441657468025203
2023-01-19 18:00:00.000000Z,0.0003205311709932,42164817.26986247,0.159908597227998,84.33048361852966,88.89703568374914,197.34134810478096,-0.0281684664488118,-18.00790870688691,35799580.710479975,41462022.40356013,7736135.712462493,-113018.91495488548,-564.054222136077,3021.4969452153646,2.399620387352158
2023-01-19 20:00:00.000000Z,0.0003228356218826,42165525.117547855,0.1600742888903575,84.24407865695451,83.17070310767535,233.21968053496687,-0.0128178168080576,-18.02444979599899,35795535.7832251,32004632.964454755,27464805.480228547,-81269.18391630586,-2002.4888675759337,2332.2902637363536,6.2199054687120645
2023-01-19 22:00:00.000000Z,0.0003284637610396,42166680.05482911,0.1606071231188201,84.14496174535357,77.77977258314155,268.78359420786404,0.0062237582240709,-18.032723459370256,35788832.52998099,13930966.945159052,39799255.331208974,-27465.892328327616,-2902.230228099246,1014.8061595291248,8.383075926175604
2023-01-20 00:00:00.000000Z,0.0003356651654871,42167287.62172729,0.1613785560628631,84.1541139675099,75.50124528722161,301.13724966046806,0.0239563684921921,-18.030581608831746,35781828.208546266,-7894599.751522239,41414210.1791129,34001.10249219972,-3020.5093876111027,-576.6918197509543,8.297865943109649
2023-01-20 02:00:00.000000Z,0.0003291362381965,42166361.67234504,0.1620480673178381,84.29880560872503,79.12433355431006,327.4626055941194,0.0356463445568602,-18.0195789037578,35776523.23949107,-27592326.338616285,31869600.023639936,86606.97121117641,-2324.713300437296,-2013.4457150667345,5.976713694600584
2023-01-20 04:00:00.000000Z,0.0003057716328713,42165122.74225481,0.1623551612880283,84.4908952147222,83.07745088752769,353.41572813459413,0.0380982536429647,-18.00337842653845,35774177.839393176,-39851816.81758013,13734513.215393612,116140.42609901124,-1002.0076786083708,-2907.7555362080257,2.035186362379772
2023-01-20 06:00:00.000000Z,0.000282056004597,42164254.73089091,0.1623654310088296,84.59508490431092,88.17092049564113,18.317147080261645,0.0305206777590639,-17.986430523834322,35774827.309218675,-41366617.55709905,-8103223.538349397,114541.33015660428,590.9391449784664,-3018.17239354545,-2.4728035607326597
2023-01-20 08:00:00.000000Z,0.0002740692313695,42164671.32213955,0.1624731435390467,84.54826441826518,95.2030024639977,41.42815184073712,0.0147505287342555,-17.9723002247007,35777868.38032711,-31728663.5086964,-27756331.944412146,82088.06558748512,2024.3904922710292,-2314.9755625932085,-6.3382768587961404
2023-01-20 10:00:00.000000Z,0.0002786269003205,42166092.90336792,0.1630709053412203,84.44324748272456,103.5214800160356,63.3056474969763,-0.0052121244723689,-17.963484380688787,35782675.4529094,-13537912.252774512,-39928164.12921363,27345.58967285877,2911.879896512667,-988.1064270585832,-8.520966837693186
2023-01-20 12:00:00.000000Z,0.0002824272963019,42167095.73426623,0.1640933369935375,84.45827312192354,108.38590720078965,88.50985182942789,-0.0242143151066141,-17.961966629741223,35788645.67903892,8301358.83810919,-41341550.17365703,-35097.863151623016,3014.5638205119826,604.4444153088525,-8.4261136023336
2023-01-20 14:00:00.000000Z,0.0002870832355887,42166614.11654552,0.1650027901250642,84.6524727957506,106.02886937221464,120.74771696994556,-0.0372468097179374,-17.96907328394739,35794663.51429751,27905287.10367359,-31620123.68562069,-88499.8651268205,2305.3932059047197,2033.5532274043728,-6.064501568497377
2023-01-20 16:00:00.000000Z,0.0003045473080837,42165184.99257736,0.1653908945287976,84.88943687819358,99.55390632643626,157.05282637332968,-0.0407416319670088,-17.984091417747305,35798872.502867006,39996390.75804287,-13385620.216967124,-118437.46177782808,975.8567775047992,2914.739414333856,-2.056253098108933
2023-01-20 18:00:00.000000Z,0.0003243900558006,42164245.74290263,0.1654032258740082,85.00298909815888,93.71002657291768,192.84622605878533,-0.0335650642216454,-18.003148624446908,35799443.8449704,41321969.08060616,8451601.924758868,-116711.28240678267,-616.1218104967998,3011.299956456058,2.5290893130480754
2023-01-20 20:00:00.000000Z,0.0003336817530962,42164609.25196841,0.1654923776795132,84.96532848490654,88.05186974416554,228.60724938218584,-0.0174025726974078,-18.020078290265985,35795772.64324261,31525498.43878892,28013828.95445406,-83605.7829682936,-2042.4332096177427,2297.322701450234,6.4589211507837945
2023-01-20 22:00:00.000000Z,0.0003413474772577,42165873.62867615,0.1659493935293949,84.88566430223408,81.97087749988293,264.8410920275717,0.0036221422641585,-18.029033184402607,35789025.96888663,13241784.185549008,40034035.619979694,-27863.93721611608,-2919.288087945134,964.4980428124096,8.670706438770655
2023-01-21 00:00:00.000000Z,0.0003521400304225,42166913.88161135,0.1666916312253077,84.8962300065953,78.12513917459698,298.76030782365467,0.0240091517580549,-18.02713040272013,35781628.48788272,-8608255.900442323,41271569.95776508,35626.55330621341,-3010.091420365125,-628.8095356966554,8.559872106732698
2023-01-21 02:00:00.000000Z,0.0003501381370804,42166824.95878017,0.1673824161820047,85.04323024687581,78.14420899488135,328.6879638077396,0.0383403132458257,-18.01553825701684,35776072.77148921,-28138350.740449477,31387936.39152584,89818.38648480934,-2289.616791254893,-2053.3422585553544,6.145528133848925
2023-01-21 04:00:00.000000Z,0.0003255829200929,42165651.33763167,0.1677272132677262,85.25705950518854,80.57228206609312,356.14520924274973,0.0427375437152428,-17.998518518586646,35773816.97209036,-40082925.715423934,13043460.665914066,120094.18565193568,-951.646347927294,-2924.672829388083,2.0683835747884154
2023-01-21 06:00:00.000000Z,0.0002920157383351,42164399.774159625,0.1677290244009905,85.410431756066,83.91479917615477,22.74876026885792,0.0359169897166583,-17.981206793804077,35774907.38732966,-41220374.47782838,-8817363.718666652,118217.48586354902,642.9692597882753,-3007.517289928345,-2.580711109837203
2023-01-21 08:00:00.000000Z,0.0002692758165527,42164259.654724725,0.1677257838116835,85.4255037952808,89.29750427731165,47.446713318708674,0.0195442963213721,-17.967611907184793,35778442.69005725,-31244624.927084494,-28300944.732196804,84565.86705450261,2064.020678960964,-2279.6347598357584,-6.555150478089019
2023-01-21 10:00:00.000000Z,0.0002612662765183,42165498.00109994,0.1681329826382752,85.35945885597913,97.99231801782469,68.90772059730494,-0.0021985576828999,-17.95997734594033,35783394.00387209,-12846848.319913846,-40156598.44285663,28041.613906881517,2928.436786311522,-937.6548323678172,-8.787886799049643
2023-01-21 12:00:00.000000Z,0.0002597828112454,42166978.24642741,0.169015958377399,85.37477772228135,105.9827032925476,90.98469883380236,-0.0236958804904982,-17.959436238298817,35789026.658347994,9013161.301750356,-41192612.157397,-36299.87830910068,3003.6446421678024,656.403478346286,-8.675437224280055
2023-01-21 14:00:00.000000Z,0.0002636094604929,42167151.88538365,0.1699311970261559,85.56790791497309,106.96908861614378,119.880113895116,-0.0393286870361658,-17.966640317271594,35794550.36768098,28446307.823347464,-31134142.084738307,-91251.472805106,2269.9664467885955,2073.0648909442416,-6.237151819165921
2023-01-21 16:00:00.000000Z,0.0002845400083729,42165827.15053265,0.1703846125810019,85.84245975269337,101.61768406156445,155.02466176919077,-0.0449069955881447,-17.981073073824028,35798565.49465948,40221090.32149356,-12693432.715121657,-122030.6306017501,925.4380333191808,2931.185437216476,-2.112854931828971
2023-01-21 18:00:00.000000Z,0.0003154775464155,42164400.796484426,0.1703908098724125,86.02050258699288,96.03788230571708,190.4899719552835,-0.0387867435240822,-17.99964951214331,35799343.27098372,41169807.88717716,9163640.11373496,-120248.00887882015,-667.9709713977713,3000.237950828079,2.600890768554635
2023-01-21 20:00:00.000000Z,0.0003354731855755,42164229.14225974,0.1703821263383098,86.03835933784312,90.95217237842472,225.6228949107751,-0.0223791183882277,-18.01671430163236,35795982.3973413,31037428.120167136,28553930.90548904,-86210.1894981617,-2081.736797190151,2261.728388857202,6.6404225821756695
2023-01-21 22:00:00.000000Z,0.0003479722418858,42165356.85414913,0.1707092708256118,85.98492848497568,84.91176827622655,261.78934909470274,0.0001419032708083,-18.02623697646582,35789310.25705189,12549301.108844778,40256773.525070585,-28899.947512733357,-2935.457042919146,913.9714144842634,8.915245411424698
2023-01-22 00:00:00.000000Z,0.000363256741981,42166703.51574497,0.1713506029469021,85.99439983296666,80.0358660915762,296.7394201305126,0.0228984428129482,-18.02473908737696,35781670.297415525,-9318634.859074317,41117041.12867525,36390.30164897558,-2998.7793786387206,-680.6642899050995,8.8041691120877
2023-01-22 02:00:00.000000Z,0.0003685589381063,42167094.187203735,0.17199803758165,86.12880661324976,78.67572523167695,328.0590861387344,0.0398600599198353,-18.01294223431126,35775767.54316338,-28675290.6685606,30897748.806739453,92147.23596215088,-2253.8585235217583,-2092.576467392537,6.326406131049474
2023-01-22 04:00:00.000000Z,0.000348818313358,42166203.73211533,0.1723450043643546,86.33935454100872,79.79143322287302,356.8327063033758,0.0464666477222225,-17.995193502042582,35773380.85391125,-40301651.49384891,12349580.051328942,123351.65270931124,-901.0490412735794,-2940.709399689189,2.1400561456430567
2023-01-22 06:00:00.000000Z,0.0003123666152512,42164794.73998012,0.172342169648234,86.51449721810617,81.46301093171397,25.086093797699725,0.0408709505899245,-17.977212412393364,35774728.523060575,-41061756.55189015,-9527929.870117696,121540.74933563462,694.7640734925544,-2996.004193148619,-2.633830714475336
2023-01-22 08:00:00.000000Z,0.0002798318706485,42164127.14064941,0.1722537930031371,86.57315901079578,84.30614014774585,52.279989694606975,0.0244482979471969,-17.963659570451593,35778769.49311428,-30751428.94193501,-28836553.1173012,87103.86882636035,2103.0112611000027,-2243.6758274632894,-6.714397765851813
2023-01-22 10:00:00.000000Z,0.0002591092708223,42164913.78106007,0.1724632437499069,86.54301565559352,90.941440365877,75.76370023510216,0.0014345380537855,-17.956934247321342,35784087.35017756,-12152251.053575745,-40372950.16151205,29184.59368770291,2944.1035610574727,-886.9875991882005,-9.006796224574314
2023-01-22 12:00:00.000000Z,0.0002464042532613,42166538.36391556,0.173119803671877,86.55527307009491,99.98533823951078,96.78903990845882,-0.0221916316382809,-17.95758230632616,35789627.088066064,9721863.293115402,-41031748.07289816,-36771.03704458536,2991.816737094499,708.1014083365515,-8.89494477557579
2023-01-22 14:00:00.000000Z,0.0002432063842541,42167389.30263308,0.1739173214292099,86.72079803214146,104.63472893315144,122.04846291163794,-0.040260289051034,-17.965379559932703,35794692.39791952,28978416.952285517,-30639683.65939064,-93138.22952299824,2233.875343372016,2111.902963239666,-6.402996156038117
2023-01-22 16:00:00.000000Z,0.0002614160698477,42166524.45912504,0.1743706773592925,86.99143541091532,101.91179698110057,154.56873471455867,-0.0479893556490764,-17.979529861887848,35798341.8323691,40433584.94658632,-11998541.520649856,-124800.55949366304,874.7895952995742,2946.7410854125083,-2.1879371111656165
2023-01-22 18:00:00.000000Z,0.0002986578125745,42164865.88900127,0.1743722239468079,87.20401067063402,97.43198180625596,188.90008672130028,-0.0432246984505171,-17.997543817622862,35799170.054952145,41005549.2459752,9871929.233096568,-123181.31531250128,-719.5634970383887,2988.314424049507,2.6309292844798384
2023-01-22 20:00:00.000000Z,0.0003293570387343,42164102.85066894,0.1742779832684446,87.26725861099406,93.47271544147888,222.86125794755648,-0.0270540203173693,-18.014524196926484,35796142.98380067,30540666.89394449,29084870.84801904,-88573.01003370764,-2120.3720103425776,2225.5255503077947,6.765022209870794
2023-01-22 22:00:00.000000Z,0.0003479682988563,42164852.21192901,0.1744589885737036,87.24078146568687,88.2242263997074,258.20828780366065,-0.0035989498644597,-18.024602645038712,35789708.61458072,11853926.919667909,40467403.09320394,-30120.48036364722,-2950.719557910684,863.2559331031985,9.100743536187736
2023-01-23 00:00:00.000000Z,0.0003671849188729,42166288.605305165,0.1749522616572985,87.24817685997019,82.98639727492916,293.52164474460466,0.0210172499536646,-18.023823358313496,35781967.7037344,-10025251.177358195,40950792.77756926,36580.14941546001,-2986.570284739296,-732.2224054637658,9.001641112448173
2023-01-23 02:00:00.000000Z,0.0003802018008588,42167105.89823246,0.1754993058279647,87.35904024882025,80.6333693822209,325.85748447689286,0.0402767764112258,-18.012284594134652,35775698.1912576,-29202829.497000165,30399536.1870206,93645.2153340152,-2217.469572949565,-2131.1065027978607,6.484229715241077
2023-01-23 04:00:00.000000Z,0.0003691911790588,42166638.00410872,0.1758104218117963,87.54344861961819,80.82873110383585,355.57803589139377,0.0490182090395325,-17.994090189402854,35772979.775174186,-40507950.7226284,11653616.080014572,125716.31216155502,-850.2595054371199,-2955.8411492652885,2.2178531908446737
2023-01-23 06:00:00.000000Z,0.0003361356929979,42165316.32778068,0.1758068022092719,87.7101860185036,81.46791312536715,24.873034507958,0.04484411041635,-17.975297242459416,35774319.9134482,-40891041.37245028,-10234107.3598095,124115.92621819992,746.2815559083033,-2983.639094073845,-2.653856957970937
2023-01-23 08:00:00.000000Z,0.0003002331801263,42164290.82934463,0.1756810332504718,87.78566329720351,82.28299896325454,54.07865039910931,0.0287836409013599,-17.961250757425805,35778724.56461674,-30249578.157716185,-29362493.77090831,89204.02476434028,2141.345215149352,-2207.132448405922,-6.822420991047771
2023-01-23 10:00:00.000000Z,0.0002721816320038,42164526.12221588,0.1757478544987167,87.7796133439651,85.85394362730806,80.602298850685,0.0050227703714078,-17.95484970975362,35784512.140782535,-11454619.281091932,-40576837.7570983,30287.19643443373,2958.897346748716,-836.1452726550541,-9.168641104465438
2023-01-23 12:00:00.000000Z,0.0002491399165113,42165942.88135074,0.1761715413800084,87.7881128723821,93.15108342872529,103.37717217468344,-0.0202124403348954,-17.956481482417562,35790233.897537395,10427162.446264468,-40858835.35612369,-36886.16033229256,2979.113005324896,759.5078155610659,-9.063169459769592
2023-01-23 14:00:00.000000Z,0.0002343966899749,42167248.73898803,0.1767703653911234,87.91071434363901,99.611544262114,126.86757505207784,-0.0402979062658276,-17.965153478760268,35795040.26410657,29501533.73458289,-30136812.79351949,-94348.37321100688,2197.146423539142,2150.0445720580374,-6.532373592549389
2023-01-23 16:00:00.000000Z,0.0002428866735926,42167049.55799514,0.1771518674138903,88.13595075401656,100.11043092767204,156.2113093262479,-0.0499322107167357,-17.979423521446964,35798283.832082994,40633953.67394152,-11301160.43878388,-126705.95681543008,823.9303235103224,2961.388546764033,-2.248319931849254
2023-01-23 18:00:00.000000Z,0.000278560602262,42165520.43900329,0.1771504435556583,88.33831176020318,97.59338954462828,188.5905492517443,-0.0465064899677015,-17.996988592349627,35798997.25870896,40829395.34138134,10576173.44051408,-125237.79472485854,-770.8844244078762,2975.526174685053,2.649249334656703
2023-01-23 20:00:00.000000Z,0.0003164622180697,42164290.95570891,0.177014555468078,88.42117747215876,95.25396130224745,220.91251549095847,-0.0308076189705716,-18.013716622985115,35796235.900709584,30035492.727604367,29606397.32476513,-90239.16098493052,-2158.334255086354,2188.7288609801058,6.851944664479312
2023-01-23 22:00:00.000000Z,0.0003413607653248,42164513.070630014,0.1770802526966947,88.41479080755539,91.43400384055016,254.810499138041,-0.0068697597325878,-18.02421903891049,35790142.719472244,11155918.853991313,40665812.7754043,-30988.912872894,-2965.0856602977497,812.3735065349049,9.229971480643377
2023-01-24 00:00:00.000000Z,0.0003636562569948,42165796.01498057,0.1774197327975829,88.42027407417018,86.56720881908093,289.7538578155415,0.01903504212102,-18.024317181686644,35782471.54081687,-10727954.28095957,40772865.52699021,36687.83345690937,-2973.4822394078533,-783.4642476527184,9.13721042952574
2023-01-24 02:00:00.000000Z,0.0003829118364591,42166883.44035132,0.1778350149982101,88.50315769612423,83.69489007993644,322.6362829066968,0.040037099010889,-18.013464908840565,35775911.19042667,-29720954.62324465,29893472.153685454,94640.59753111396,-2180.469890215741,-2168.914586743521,6.589618984466815
2023-01-24 04:00:00.000000Z,0.0003817591384722,42166861.3695669,0.1780808979163065,88.64661793384437,83.3469602127037,352.94108822522674,0.0505098876744728,-17.995256324722842,35772748.72323489,-40701964.99588505,10955866.573835649,127275.08005750964,-799.301117673886,-2970.052084078689,2.2655905194639567
2023-01-24 06:00:00.000000Z,0.0003562679823924,42165820.27807019,0.1780778932335889,88.78061136776157,83.57786722115362,22.677804388763228,0.0476033829958506,-17.975763473856077,35773821.57957316,-40708553.166607134,-10935515.132493887,125772.49880411608,797.4957625963004,-2970.4167002263302,-2.674568304224742
2023-01-24 08:00:00.000000Z,0.0003220397796435,42164670.954983234,0.1779635251002467,88.84708803490686,83.38149475587241,52.904726852811145,0.0320326745865072,-17.96086787007688,35778341.29246983,-29739553.86936036,-29878410.42033224,90486.83346789604,2179.008158936173,-2170.016699003233,-6.902376634311135
2023-01-24 10:00:00.000000Z,0.0002920317925664,42164423.25294291,0.1779696944926887,88.85008512813192,84.5110506572736,81.86104515930104,0.007895011979555,-17.95413839654628,35784539.47538888,-10754447.19335162,-40768029.15203184,30857.068191256745,2972.830096339205,-785.1472763609554,-9.281190365002304
2023-01-24 12:00:00.000000Z,0.0002644185244486,42165401.891738,0.1782229759988958,88.85552803642567,88.88649172757665,107.56022098546669,-0.018428265809113,-17.956223960846824,35790626.051500335,11128733.068178857,-40673756.87401019,-37137.02519195132,2965.5649510202607,810.6120231233872,-9.172447117089304
2023-01-24 14:00:00.000000Z,0.0002399601740101,42166817.1901769,0.1786147587684596,88.93513858922552,94.53326554593768,131.90649491344945,-0.0399717975010895,-17.965703822461773,35795437.077251375,30015558.852129515,-29625453.578224696,-95271.46839770628,2159.80745651347,2187.487202253605,-6.60514429442576
2023-01-24 16:00:00.000000Z,0.0002348357726709,42167245.02654471,0.1788797725940965,89.09104691804777,96.976327385285,159.37496752889717,-0.0510227820364813,-17.980388335485497,35798375.446730725,40822243.64722098,-10601238.18540685,-127958.14072944064,772.8731880416601,2975.122354408284,-2.265297574365902
2023-01-24 18:00:00.000000Z,0.0002608841776296,42166161.3853918,0.178876503085486,89.24162905193907,96.54085682041742,189.72464305307005,-0.0486152231216238,-17.99772470421083,35798866.736233264,40641445.18224731,11276373.445182296,-126405.27758575656,-821.9314137382707,2961.865888583513,2.6882296385435738
2023-01-24 20:00:00.000000Z,0.0002996048631578,42164739.773293935,0.1787582990944012,89.31115956003687,96.01482089695077,220.2468951880683,-0.0333154677771472,-18.014108509856023,35796243.37600908,29521987.624567807,30118471.584865432,-90970.2072091796,-2195.6309204697536,2151.3348972031104,6.9304154261211295
2023-01-24 22:00:00.000000Z,0.0003291763330059,42164431.982475765,0.1787760593621177,89.31200953116036,94.0300406862894,252.30227054113976,-0.0091058803801379,-18.024805038286168,35790510.14894779,10455269.991765069,40851941.99955586,-31090.05067751903,-2978.571937388241,761.3200976226841,9.321715858244607
2023-01-25 00:00:00.000000Z,0.0003537071515002,42165365.25386713,0.1789987106212612,89.31603476984785,90.21216671848548,286.1973444708904,0.0176270317139492,-18.0257255959048,35783063.12867175,-11426877.019534051,40583147.89564692,37209.94752835522,-2959.5314355056234,-834.399924070722,9.214175898049517
2023-01-25 02:00:00.000000Z,0.0003769214354079,42166514.88103066,0.1792844877900185,89.3729024663284,87.35818566131285,319.0865015271217,0.0397661287112595,-18.015820480894455,35776364.645112365,-30229880.64420671,29379366.675383296,95593.26352324724,-2142.865192221932,-2206.0103386587293,6.629319907702791
2023-01-25 04:00:00.000000Z,0.0003845878754895,42166861.09845314,0.179452649145545,89.47055836936009,86.79224870010565,349.65468706929227,0.0513679518691135,-17.998043144156824,35772770.68333051,-40883918.194279216,10256109.32773617,128341.8268370875,-748.1725345451741,-2983.340349819749,2.256871880769138
2023-01-25 06:00:00.000000Z,0.0003684743873294,42166197.96354877,0.1794505828998122,89.55832376186892,87.02769785952097,19.43345973919365,0.0492797697307742,-17.978178781866994,35773408.35705207,-40514514.89230458,-11632318.26698384,126607.40258823492,848.4039722723153,-2956.324635493486,-2.728510073650134
2023-01-25 08:00:00.000000Z,0.000339212877324,42165141.23283378,0.1793831821822697,89.5976451864006,86.64019782244713,49.87956626706013,0.0340116226678288,-17.962380929378778,35777784.62886413,-29221620.041796356,-30384377.59762253,90817.85779016367,2215.992677236138,-2132.317868097563,-6.98462248988861
2023-01-25 10:00:00.000000Z,0.000310456325936,42164585.61229743,0.179405188919577,89.59646177183647,86.41514849983261,80.1954604769232,0.0096112603995425,-17.954861086024547,35784215.558006026,-10052030.82519482,-40946547.04437065,30571.35042983154,2985.902666744943,-733.9893616832028,-9.365477500670766
2023-01-25 12:00:00.000000Z,0.00028309191435,42165064.28781412,0.1795784485823837,89.59996587272175,88.23246226420233,108.4548453898588,-0.0174217541783416,-17.956804313800017,35790702.86194733,11826339.726495888,-40476503.10358119,-37951.48936480381,2951.188062404961,861.4204283658046,-9.230671993119676
2023-01-25 14:00:00.000000Z,0.0002548444360846,42166275.32385892,0.1798152577629379,89.64779620631796,91.74767832999667,134.96398038534352,-0.039876329256179,-17.96676170846144,35795730.64140621,30520388.30588849,-29105527.420266964,-96344.2233520717,2121.8765798995687,2224.242587137218,-6.616216461359478
2023-01-25 16:00:00.000000Z,0.0002380636272976,42167099.42264482,0.1799621164835273,89.73404506014977,94.11876209087688,162.57358974781567,-0.0517501264453999,-17.981946841121246,35798539.93726958,40998447.41726037,-9898624.443341266,-128916.66691519185,721.6258208353598,2987.948459349572,-2.222997372001048
2023-01-25 18:00:00.000000Z,0.0002500906687472,42166605.36066066,0.1799599945193758,89.81096965918624,94.74304781663128,191.9371756583116,-0.0498432606511907,-17.999273193069232,35798785.69244203,40441707.31476254,11972677.75421015,-126898.79309602483,-872.7069115729037,2947.32740528129,2.771615932243724
2023-01-25 20:00:00.000000Z,0.0002827916335845,42165308.538095534,0.1799123850337488,89.8397663032876,95.63896455845058,221.0785680647303,-0.0346145619644914,-18.015297181756296,35796158.50830993,29000118.3913182,30621170.631444518,-90793.25505650244,-2232.2709840068983,2113.3308838268617,7.028026522678643
2023-01-25 22:00:00.000000Z,0.0003136349626761,42164611.37186112,0.1799619429727826,89.83359135327177,95.54227624615744,251.25295333106544,-0.0100788644360076,-18.02591678587537,35790720.81821298,9751861.329091605,41025758.43117328,-30255.61409543096,-2991.1925919690493,710.0776242796346,9.401590787877955
2023-01-26 00:00:00.000000Z,0.0003393367485792,42165097.12981892,0.180132233721092,89.83654667044888,93.28431050852836,283.5886208144847,0.0172371032167358,-18.027405991497908,35783593.85428237,-12122236.571376191,40381449.31503061,38473.25543311001,-2944.728849234414,-885.0552330767656,9.249989528317354
2023-01-26 02:00:00.000000Z,0.0003642791757144,42166110.593069024,0.1803203419866624,89.8740141057658,91.01210374950196,315.9144405563389,0.0400197820661701,-18.01846457494405,35776937.612593025,-30729855.61515567,28856834.486777525,96912.28228111158,-2104.6518060451745,-2242.419725180784,6.608213534138515
2023-01-26 04:00:00.000000Z,0.000378389073726,42166680.50841325,0.1804174850452762,89.93034101868437,90.5544481928272,346.41492803480173,0.0521284918975609,-18.001432698504384,35773034.17869977,-41053976.96383823,9553820.407914856,129310.91887880032,-696.856530591112,-2995.716003761117,2.182853971223384
2023-01-26 06:00:00.000000Z,0.0003715531232398,42166399.29265444,0.1804176223568736,89.9696631865826,91.04239666186189,15.98960666518357,0.0502639816990747,-17.981605654726284,35773200.94229095,-40308966.64878802,-12325031.075194271,126908.01353948626,899.0211417611526,-2941.350580870957,-2.835824051805559
2023-01-26 08:00:00.000000Z,0.0003491635606182,42165587.66988049,0.1804158897603699,89.97367263554034,90.96133419382548,46.16527394696344,0.034879787529275,-17.96512100715937,35777251.35795138,-28695759.06572885,-30880771.07059859,90314.2859540318,2252.299289653164,-2094.0125839432862,-7.095208061532535
2023-01-26 10:00:00.000000Z,0.0003234609442514,42164923.98585483,0.1805059516661362,89.96016728566242,90.2704254896681,76.96029031918276,0.0100738073753257,-17.956660468852927,35783705.548988804,-9347388.58501112,-41112606.725950405,29358.274326482155,2998.106841411863,-682.651842273826,-9.446829400788884
2023-01-26 12:00:00.000000Z,0.0002985157107031,42164984.04091786,0.1382775866648571,88.46147475380928,91.87727659010362,106.93290299025676,-0.0083311657651218,-17.958025313418283,35790509.56027213,12519936.727915045,-40267168.5155296,-32813.99193438811,2935.98564563658,911.9478927876768,-7.024072502120657
2023-01-26 14:00:00.000000Z,0.0002715406703735,42165806.10664559,0.1384339915845279,88.50434230623208,93.17535530156488,135.66405849277402,-0.0116554651944777,-17.968057634554366,35795857.06029127,31016024.0973841,-28577021.168139823,-76715.50832231523,2083.362446064972,2260.3261344232706,-4.889422061986175
2023-01-26 16:00:00.000000Z,0.0002488576250329,42166728.89137667,0.1384941112758578,88.55121469489005,94.23820480375257,164.62085984040598,-0.0119256043609403,-17.98366813123026,35798709.46914916,41162620.58095134,-9193206.153942963,-100027.61612298252,670.193157410887,2999.8774615207144,-1.4361254310023963
2023-01-26 18:00:00.000000Z,0.0002476666236401,42166778.26848504,0.138497970124946,88.55985899534981,94.51786138032244,194.3972019593086,-0.0090255252789791,-18.001159032332502,35798756.44390943,40230248.94622176,12665232.265754797,-96446.42946174576,-923.2122527608482,2931.908775071732,2.409048553720349
2023-01-26 20:00:00.000000Z,0.0002699542947505,42165852.48591861,0.1385518880973757,88.52995896184001,95.80826790339844,223.2030980773404,-0.0036773990032452,-18.01689086336433,35796011.3669673,28469926.613680877,31114588.128944203,-66892.81986431465,-2268.2600693787845,2074.705574702758,5.611989823433815
2023-01-26 22:00:00.000000Z,0.0002979717591586,42164990.6339924,0.1387004036999919,88.50114420616147,97.19521489820924,251.9167852046457,0.0027287848853904,-18.02720632610799,35790750.08331671,9045677.84155474,41187259.90433533,-19282.14124151608,-3002.957790213863,658.6309649940385,7.308728003779581
2023-01-27 00:00:00.000000Z,0.0003231788847223,42165040.42324444,0.1388891223102921,88.50679200758559,96.73567887839172,282.4511076729225,0.0084943402972436,-18.02890673579634,35783961.18816915,-12814129.349723583,40167642.25548083,33589.18797742586,-2929.0855802213164,-935.4501547568534,7.038828309250219
2023-01-27 02:00:00.000000Z,0.0003478611872422,42165771.03974316,0.1390266987459297,88.54431176293548,95.55406075111794,313.6855098732411,0.0120649321063071,-18.020737018559046,35777500.305967055,-31221028.998000126,28325590.937219538,77478.74451537382,-2065.8316950230765,-2278.1651053769456,4.870648008866295
2023-01-27 04:00:00.000000Z,0.0003656135215153,42166402.16782422,0.1390719351882546,88.5792908544088,95.54507612498683,343.7578047145951,0.0124513758142539,-18.004581402540314,35773463.42942587,-41212254.97353548,8848579.060956754,100534.94597705272,-645.3416925692995,-3007.1922685349214,1.384961349592658
2023-01-27 06:00:00.000000Z,0.0003665953360468,42166437.599558026,0.1390772027869661,88.57744932205706,96.46495401633584,12.94132117337474,0.0095033345249652,-17.98516244782273,35773234.93136349,-40091918.27222322,-13014105.11779458,96503.2799524836,949.3621319897758,-2925.489534561617,-2.480025549646593
2023-01-27 08:00:00.000000Z,0.0003517659785695,42165946.07609079,0.1391464488825853,88.5393181344119,96.96692381999527,42.5764263797059,0.0039608882655555,-17.96835308777336,35776884.36525694,-28161904.932248358,-31367953.77563568,66429.00918305777,2287.932606077379,-2055.0835077811557,-5.681818451360955
2023-01-27 10:00:00.000000Z,0.0003302803230062,42165346.40450926,0.1393305557164676,88.5046608225373,96.42231064693752,73.24711803422163,-0.002731768578966,-17.959066829999447,35783190.98477466,-8640465.304013819,-41266446.40293591,18385.84795944294,3009.4363017400124,-631.1195781503661,-7.355850146260986
2023-01-27 12:00:00.000000Z,0.0003084187954017,42165108.13617706,0.1395610516857049,88.51226680470569,95.47644899458784,104.26689808922926,-0.008800949629858,-17.959677201507244,35790172.189798415,13209469.77048616,-40045911.20650301,-34697.37004054056,2919.932675414006,962.2019341536468,-7.0491378861750045
2023-01-27 14:00:00.000000Z,0.0002852874943945,42165490.734435655,0.1397073378029642,88.55168709638632,94.93805978559828,134.83818796885436,-0.0126064460134517,-17.96949034579883,35795833.94397394,31502276.12220204,-28040047.41858707,-78517.38660923208,2044.2532747666305,2295.744320949234,-4.841542300222142
2023-01-27 16:00:00.000000Z,0.0002623990458911,42166263.59556485,0.1397290579480485,88.56334725448464,94.38327287372798,165.4475762962631,-0.0130743738162025,-17.985362330187403,35798835.83460768,41314536.02710845,-8485039.789848052,-101242.41704018226,618.5758547473424,3010.917955126637,-1.3239722412763546
2023-01-27 18:00:00.000000Z,0.0002524557205926,42166679.64312599,0.1397486265333027,88.5057042821558,93.4645688262168,196.4883405928682,-0.0099954637266858,-18.003078706698194,35798749.88880817,40006878.06651037,13354031.023269556,-96697.34997515568,-973.4388205068592,2915.6143220420167,2.5589335675101528
2023-01-27 20:00:00.000000Z,0.0002636982450286,42166240.504339576,0.1399105876373376,88.41392202159835,93.96917577173971,226.1421399285325,-0.0041144709466297,-18.01858903484952,35795806.133369066,27931303.6896311,31598724.52851385,-66043.74358842627,-2303.584221037591,2035.456702298932,5.760553520749267
2023-01-27 22:00:00.000000Z,0.0002857391875482,42165449.45817082,0.1401963800253054,88.35965318239133,95.9649138320397,254.27296428076104,0.0030322806840312,-18.02843041511594,35790575.02203347,8336715.140600907,41336414.31195634,-17495.339888226546,-3013.853546629894,606.9735053332629,7.414070667729431
2023-01-28 00:00:00.000000Z,0.0003083173989727,42165162.70080967,0.140462794211628,88.36824571877047,97.18292957119284,283.1269676681912,0.0095170978787654,-18.02995356986872,35784069.41646872,-13502471.28613056,39941627.807093866,35876.76269880578,-2912.5909622780496,-985.5971147814358,7.068643117142663
2023-01-28 02:00:00.000000Z,0.0003308181864499,42165534.24655948,0.1406015734496014,88.40577812583152,97.4779971142138,312.88426566981184,0.0135517052636125,-18.02218973549333,35777902.11634587,-31703241.08208896,27785424.09572236,79665.48867352691,-2026.3934387805048,-2313.264726365672,4.812844698327923
2023-01-28 04:00:00.000000Z,0.0003493508715235,42166077.99208199,0.1406231044785246,88.41909216399803,98.28831525027996,342.1581640554612,0.01398604414301,-18.00679269377255,35773918.216363825,-41358493.58864011,8140046.60765205,102020.38971561684,-593.6120843715407,-3017.783881506928,1.252032696063741
2023-01-28 06:00:00.000000Z,0.000355844031725,42166326.48244006,0.1406385465086414,88.37934086061863,99.81919859323251,10.76799372701369,0.0106319022322574,-17.987964699582328,35773448.86629821,-39862997.61517376,-13699935.425273396,96857.92684682472,999.440427623436,-2908.741052720213,-2.6541848029137025
2023-01-28 08:00:00.000000Z,0.0003481900385773,42166164.65044682,0.1407731340864116,88.3064071416422,101.05315254775653,39.70589427062874,0.0043256136278974,-17.971178446594973,35776730.32960057,-27619638.15362504,-31846257.789475188,65518.20424503968,2322.890401868599,-2015.514863826098,-5.851109722634038
2023-01-28 10:00:00.000000Z,0.0003316470095318,42165751.13114509,0.1410542125607625,88.25613922481634,101.03401339525873,69.86726133575675,-0.0032852852152724,-17.96135360059281,35782796.75318253,-7930930.56741256,-41408264.94629388,16413.61459420346,3019.869310562276,-579.3737188050309,-7.474474093753865
2023-01-28 12:00:00.000000Z,0.0003129894198116,42165377.500760905,0.1413673674735789,88.26863372147334,99.68503042003452,101.28597223630238,-0.0101728552212598,-17.961266137477896,35789819.323614724,13895133.72500964,-39812817.1910339,-37236.15171044703,2903.019135166708,1012.1943444799648,-7.083983568984075
2023-01-28 14:00:00.000000Z,0.0002944353778651,42165365.347636186,0.1415492247931722,88.31884152949661,97.76668885580686,133.2267939974555,-0.01446108492276,-17.97071223906153,35795729.27454401,31979271.008834414,-27494629.785632297,-80963.71452564334,2004.541227877247,2330.503655420582,-4.781186095089871
2023-01-28 16:00:00.000000Z,0.0002752619283764,42165834.374642834,0.1415685806346777,88.32616753633067,95.696361540574,165.35593523193563,-0.014922104254551,-17.98670569415504,35798926.779007226,41454280.66872673,-7774106.095754465,-102944.3869257982,566.7705283336385,3021.075563958685,-1.1817643217983624
2023-01-28 18:00:00.000000Z,0.0002619722303334,42166399.75636583,0.1416024793275836,88.23813327446237,93.37814568843942,197.8263428013928,-0.01131631337537,-18.00468174155775,35798778.55892716,39771669.80821312,14039125.426470209,-97179.838439754,-1023.386501290944,2898.446736139309,2.7482771295350608
2023-01-28 20:00:00.000000Z,0.0002645959972956,42166433.98561263,0.1418509001112677,88.10541120694067,92.32478772317144,229.0791500811904,-0.0044963665945811,-18.02008891597562,35795603.35711443,27384339.65710035,32073635.19578601,-65135.01686923354,-2338.2395039756257,1995.5832045361617,5.949119688803396
2023-01-28 22:00:00.000000Z,0.0002796748652532,42165901.998995095,0.142277260264848,88.03013757938922,93.82741225071688,257.7246147641109,0.0037688525990579,-18.02940857408261,35790269.11223752,7625095.979463446,41473270.29173312,-15383.485564394963,-3023.8757890284046,555.105205390702,7.551868817045982
2023-01-29 00:00:00.000000Z,0.000297752366521,42165429.46838848,0.1426577202346541,88.04541030080017,96.16423586682352,285.4536083188814,0.0112446980613675,-18.030453738227823,35783943.65411794,-14187129.24318134,39703462.23058675,38675.0141438612,-2895.246849915756,-1035.494563671674,7.116605428230488
2023-01-29 02:00:00.000000Z,0.0003161021486672,42165433.43578889,0.1428394720434579,88.09567697862902,98.0301910510375,313.6272644352343,0.0158493177850781,-18.022709808370795,35778097.9863175,-32176393.764305383,27236391.79354501,82428.61704044107,-1986.3440110518727,-2347.7205163263625,4.754772750294389
2023-01-29 04:00:00.000000Z,0.0003326276535204,42165774.42286984,0.1428604672510985,88.10683402510875,99.93873558735548,341.8045636174499,0.0162467093012295,-18.007842278590896,35774312.78547635,-41492641.87012004,7428248.431064192,104012.77271063188,-541.6726095466047,-3027.4974673961137,1.1004845037613225
2023-01-29 06:00:00.000000Z,0.0003418703017827,42166119.40249704,0.1428854499283009,88.04851080733053,102.243811038383,9.658128812716823,0.0122314455348979,-17.989658389062598,35773771.23907836,-39622168.40471407,-14382545.898101613,97532.10354092288,1049.2567297653284,-2891.1111687323155,-2.860668965350956
2023-01-29 08:00:00.000000Z,0.0003401351979051,42166251.07750574,0.1430703382039407,87.95399088666275,104.31391114064128,37.78116868955205,0.0047997387056006,-17.973173000875573,35776776.77672743,-27068908.83912822,-32315735.29655257,64668.48395346865,2357.1746698006277,-1975.3084904520413,-6.058337593452804
2023-01-29 10:00:00.000000Z,0.000328721010976,42166094.044674605,0.1434354343185847,87.89362755871805,105.06895335320714,67.17867002098673,-0.004107360475971,-17.96312828532527,35782577.11035525,-7218731.732287178,-41538121.33164475,14237.29944458612,3029.4043508253963,-527.415315161925,-7.62729382876301
2023-01-29 12:00:00.000000Z,0.0003133215143876,42165721.47637161,0.1438352764682779,87.91320064293087,103.79316358671902,98.51762953302811,-0.0121155441077501,-17.962520658646742,35789537.22219717,14576942.717092108,-39567965.265803285,-40186.76059669828,2885.2357501522683,1061.920399882627,-7.141232214343933
2023-01-29 14:00:00.000000Z,0.0002991603594123,42165409.81793199,0.1440755380001522,87.98241743904384,100.94847439534452,131.36617352539486,-0.0170441634166959,-17.97158308959918,35795607.0389684,32446974.596227176,-26940888.666775163,-83925.57087587274,1964.223141410328,2364.5983902696576,-4.726832785920236
2023-01-29 16:00:00.000000Z,0.0002857402626861,42165513.3560312,0.1441150046851978,88.00766725358554,97.6201652157264,164.7353433806853,-0.0174836829517939,-17.98760569341641,35798999.43725072,41581827.977355786,-7060549.879039852,-105144.40605270665,514.7822058959401,3030.350059390181,-1.0290505324751031
2023-01-29 18:00:00.000000Z,0.0002737217589083,42166033.43331672,0.1441563921359227,87.92189535590435,94.09907901824864,198.4060896196613,-0.0131811935539299,-18.005850889788572,35798847.43211592,39524655.77826773,14720393.685277166,-98035.97111411004,-1073.044614687004,2880.4122040648667,2.9608088805116446
2023-01-29 20:00:00.000000Z,0.0002714830723916,42166437.204702735,0.144454391327996,87.77400568361334,91.35611369918408,231.36364615531832,-0.0051461157046427,-18.021283941955677,35795445.82875424,26829157.197662305,32539257.28609952,-64404.43640061218,-2372.211700958723,1955.0950433423648,6.167786955071879
2023-01-29 22:00:00.000000Z,0.0002807681075418,42166277.03923988,0.1449953995332288,87.6868130163826,91.47882954256016,261.4014056174772,0.0045586821930322,-18.03013696123526,35789906.843194775,6911044.421062686,41597851.04575133,-13226.329531230713,-3033.011884025781,503.0401630788298,7.7206259875071055
2023-01-30 00:00:00.000000Z,0.0002936726647381,42165784.66456321,0.1455004885223492,87.71185477797148,94.0561747450206,288.8807647007766,0.0133276167972049,-18.030526275263757,35783637.294168,-14867819.81501085,39453281.28806003,41726.35431151392,-2877.0506275577254,-1085.1262454797236,7.1903335443362
2023-01-30 02:00:00.000000Z,0.0003062059491299,42165468.85764018,0.1457535964446133,87.78451714912094,97.20627606143226,315.74819903885725,0.0187224498151371,-18.02246223678013,35778081.816639535,-32640232.00624992,26678731.4704554,85594.56703254697,-1945.693453930283,-2381.521937551407,4.7117203157324985
2023-01-30 04:00:00.000000Z,0.0003180996933944,42165531.599897705,0.1457918225469984,87.81070107354353,100.30529996728124,342.7197498566475,0.019170748524577,-18.007836479126883,35774586.795410186,-41614544.07889673,6713457.330800353,106465.69369931948,-489.5392260163266,-3036.3340412441617,0.9496025858515368
2023-01-30 06:00:00.000000Z,0.0003271295537624,42165859.66478733,0.1458223388018824,87.75245587369967,103.50101110053347,9.682023213568712,0.0144276338149583,-17.990230526575548,35774125.31321356,-39369384.6793491,-15061707.820093066,98618.04871906842,1098.797485581367,-2872.610164545119,-3.0810990322795337
2023-01-30 08:00:00.000000Z,0.0003293766408436,42166218.776161246,0.1460371444922786,87.65001331137407,106.48380352421748,36.89982089285908,0.0056645547965942,-17.974217908369464,35776973.62724114,-26509751.094308294,-32776246.609323405,64086.66007889211,2390.7765718132305,-1934.4779707730916,-6.290743601207781
2023-01-30 10:00:00.000000Z,0.0003227016839925,42166346.35778754,0.1464637907865574,87.58547002108881,108.18831347869958,65.35197070152991,-0.0048334046416529,-17.96423749081181,35782530.966327526,-6503954.223474814,-41655976.23145144,12125.09028924834,3038.0357737569025,-475.25856848160015,-7.81036041261282
2023-01-30 12:00:00.000000Z,0.0003105279036525,42166082.08016897,0.1469391757892275,87.6128684076975,107.362710373608,96.23321581839078,-0.0142731274723174,-17.96333268442099,35789362.725487724,15254782.776108451,-39311420.24464773,-43287.29414049055,2866.5806801269,1111.365523694578,-7.226476523128907
2023-01-30 14:00:00.000000Z,0.0003002364471701,42165584.32397793,0.1472430675724866,87.70377415044112,104.02644404215536,129.55197002515175,-0.0200948167936809,-17.97207301816265,35795506.44827551,32905282.80358313,-26378987.079795748,-87210.90060133308,1923.303988169485,2398.016765007858,-4.691784118885733
2023-01-30 16:00:00.000000Z,0.0002932066695863,42165329.26682102,0.1473122741584478,87.7592208932467,99.74446911903117,163.84462983017505,-0.0206510582656624,-17.98807412526918,35799066.93240598,41697135.30017012,-6344590.312767876,-107762.90869048034,462.6225459714912,3038.7384458704005,-0.8830592017585727
2023-01-30 18:00:00.000000Z,0.0002856772298525,42165661.22103723,0.147350940132356,87.69882394483099,95.35189206205617,198.3612299137245,-0.0156517652799113,-18.00658119661032,35798956.39281665,39265891.0135344,15397634.46540432,-99311.20358136916,-1122.3982833097443,2861.5184228016037,3.179703426664097
2023-01-30 20:00:00.000000Z,0.0002822316445444,42166287.37257622,0.1476567620126343,87.55848169739075,91.2409877885926,232.67903057969204,-0.0062728776971368,-18.022161936530548,35795363.37478816,26265922.08405014,32995475.055328976,-64006.159589646406,-2405.4853022319653,1914.007796507234,6.4036811097015125
2023-01-30 22:00:00.000000Z,0.0002880570313901,42166531.08820612,0.1482670913625172,87.46919126205296,89.61145594060034,264.47147032710427,0.00509637791213,-18.030680751951728,35789560.81960791,6194830.098175013,41710174.93258017,-11248.99291763816,-3041.2495857752806,450.79986617447537,7.913842938647679
2023-01-31 00:00:00.000000Z,0.0002966964284613,42166172.30390671,0.1488838499279732,87.50510526336706,91.54116714360612,292.58829255889697,0.0154349017262613,-18.03036916263989,35783226.75484399,-15544220.881509848,39191271.79449233,44786.77064594533,-2858.001296633499,-1134.4679057613844,7.291206952517836
2023-01-31 02:00:00.000000Z,0.0003027125708746,42165627.24429163,0.1492219186096676,87.60534230235609,95.34371115977343,318.7762732835308,0.0218929150889507,-18.021741316189157,35777888.17913486,-33094482.697259765,26112789.20522096,88958.22494721589,-1904.4562562399333,-2414.6508388292723,4.692911686131295
2023-01-31 04:00:00.000000Z,0.0003077867442386,42165375.81163022,0.1492889172893778,87.65955526175044,99.44764860312029,344.7149206429323,0.0226007127771848,-18.007075978028002,35774719.67414798,-41724071.84923485,5996100.0162137,109263.10883937417,-437.2359506111797,-3044.2903084933314,0.8143799939970895
2023-01-31 06:00:00.000000Z,0.0003136693310607,42165585.57638872,0.1493182025338331,87.61703519503607,103.52475879052422,10.779628327596372,0.0172225680747002,-17.989911190277645,35774455.77159168,-39104692.24170936,-15737029.528976582,100117.38361504872,1148.0400476485354,-2853.2504307668355,-3.2984925115238157
2023-01-31 08:00:00.000000Z,0.0003175476230762,42166090.99802108,0.1495400122621904,87.51862221844343,107.45388579927314,37.04651218156222,0.007079971284508,-17.974448494325106,35777265.477111414,-25942345.03487254,-33227527.89564321,63890.65402307629,2423.682109543936,-1893.0451606082693,-6.533719952263387
2023-01-31 10:00:00.000000Z,0.0003146038004435,42166495.25148055,0.1500004845527623,87.45491379156283,110.22458718706308,64.43135208248253,-0.0051878505482762,-17.96475239734387,35782629.46624411,-5786843.491208343,-41761735.66477386,10280.0897276466,3045.7593537063053,-422.9278801355522,-8.015124917679938
2023-01-31 12:00:00.000000Z,0.0003054518917567,42166416.79379199,0.1505316789841509,87.48930457462012,110.15619812057972,94.5484737029535,-0.0163252843536563,-17.963765198074178,35789297.287090935,15928411.18731975,-39043259.18015673,-46301.71578576963,2847.0587819862494,1160.507280902688,-7.339275619779253
2023-01-31 14:00:00.000000Z,0.0002983799006899,42165845.446640015,0.1508924900384194,87.60004330147204,106.73690226124135,127.93065512211476,-0.0233278251949484,-17.972274804683195,35795440.0176872,33354018.306968022,-25809142.77638922,-90609.57450875932,1881.7968448535464,2430.743027567288,-4.683445449425144
2023-01-31 16:00:00.000000Z,0.0002974684710061,42165282.78551536,0.1509924138818748,87.6893240630425,101.81683792465928,162.82762229650191,-0.024241057667708,-17.988223430750082,35799129.1564753,41800141.39680872,-5626518.689933527,-110665.0385174413,410.3099472843069,3046.236795019837,-0.7567540880029019
2023-01-31 18:00:00.000000Z,0.0002962530461684,42165340.71430426,0.151018393289645,87.66660346348326,96.8835308277459,197.8470431797817,-0.0186841126130712,-18.00696306319545,35799093.85919526,38995450.259213656,16070577.656505736,-100973.39230389944,-1171.4289016882472,2841.774987152805,3.390022659807036
2023-01-31 20:00:00.000000Z,0.0002945221404511,42166034.66563126,0.1512938434009691,87.5498548241824,91.8968270456634,233.01680815107628,-0.0079739536762182,-18.022785687886493,35795366.2607595,25694832.85690479,33442126.788661797,-64012.16482058862,-2438.0448268658483,1872.3412436956164,6.643330741979
2023-01-31 22:00:00.000000Z,0.0002992641614988,42166645.336433776,0.1519204426257094,87.4664340661592,88.62666631589565,266.4441685362152,0.0051713509814279,-18.031143842933467,35789287.2172481,5476745.638889115,41810247.90665966,-9606.93909528719,-3048.5789320246395,398.4105887346635,8.122158306696498
2023-02-01 00:00:00.000000Z,0.0003056445799672,42166541.62604605,0.1526179684155336,87.51192842172404,89.30399352003143,295.8044248492056,0.0172923235803452,-18.030202475110457,35782791.29211792,-16216005.530317713,38917640.83331035,47653.95538001492,-2838.100472121638,-1183.4909423241138,7.415847213896813
2023-02-01 02:00:00.000000Z,0.0003058620187534,42165884.81524678,0.1530401793527198,87.63991749183934,93.00774592456668,322.0641359090728,0.0250866454964852,-18.02088387015876,35777574.51759102,-33538887.51862293,25538960.720692158,92317.54841197864,-1862.649930284904,-2447.0851865148,4.70186949250538
2023-02-01 04:00:00.000000Z,0.0003028643568323,42165323.36121005,0.1531415190950262,87.72970730405787,97.65921375025653,347.4199456782775,0.0263283897490452,-18.005948301566633,35774722.39167533,-41821138.6903011,5276676.293324139,112251.75617049087,-384.7913821549321,-3051.36060471983,0.7045944149093895
2023-02-01 06:00:00.000000Z,0.0003030092980635,42165331.16267967,0.1531618236490496,87.71440034532417,102.41831880263506,12.775165344175456,0.0205248402870693,-17.989063055209265,35774733.76698936,-38828215.628457725,-16408040.354921153,101963.1749392692,1196.9564292866894,-2833.045384591131,-3.499166166784764
2023-02-01 08:00:00.000000Z,0.0003059315751912,42165891.66711185,0.1533676064309404,87.62946111909565,107.2263006826002,38.149160089131065,0.0090933013215628,-17.974161036148875,35777608.62984919,-25366983.09043252,-33669258.19804699,64115.8811343759,2455.8737546584584,-1851.0368008567684,-6.773138897071998
2023-02-01 10:00:00.000000Z,0.0003052398888528,42166540.17445277,0.1538328099825801,87.57023104011941,111.1267766554812,64.39930596662727,-0.0049980914107168,-17.964906836936887,35782838.502439246,-5067767.402772365,-41855292.50747403,8829.993357631587,3052.5717608462382,-370.4544472023872,-8.230634729950522
2023-02-01 12:00:00.000000Z,0.0002986018483395,42166695.79039845,0.1543952898692439,87.60952923726283,112.05945347311612,93.51035176333444,-0.0180191671519397,-17.964022889901862,35789325.9828375,16597484.637476431,-38763591.58653728,-49043.36801104254,2826.679847652223,1209.3178130193317,-7.474540129497728
2023-02-01 14:00:00.000000Z,0.0002940578274657,42166152.045517504,0.1547996358606464,87.73532682788941,108.93339376047408,126.58437620769632,-0.0264741703965191,-17.97239446260191,35795402.74741496,33792946.534984566,-25231634.85291033,-93923.24419387206,1839.721438065313,2462.7588824547183,-4.703691835888405
2023-02-01 16:00:00.000000Z,0.000298403852713,42165359.192537576,0.1549261075493385,87.85545865101778,103.68628884180532,161.77761553269832,-0.0280337134047861,-17.988259825939064,35799173.13283727,41890773.50192426,-4906695.412172653,-113688.84508693869,357.86851080833947,3052.841390575164,-0.6580907437975754
2023-02-01 18:00:00.000000Z,0.0003041849015204,42165107.88336899,0.1549324699313939,87.87369784676211,98.49011641441814,197.0187701206257,-0.0221563134773736,-18.007170746191346,35799234.87755939,38713428.801522814,16738892.838003095,-102933.0665268495,-1220.114985645915,2821.1936217696607,3.580072599426768
2023-02-01 20:00:00.000000Z,0.0003062340541457,42165729.82789849,0.1551492483536684,87.78915712914119,93.1117483672184,232.54770399421497,-0.010247447414282,-18.02328099417833,35795442.48619532,25116116.237821866,33879010.63509348,-64421.55180308453,-2469.8755538834503,1830.118419654685,6.874304660604741
2023-02-01 22:00:00.000000Z,0.00031173329878,42166621.89454254,0.1557411026675717,87.71694374214842,88.58019699878837,267.22523495475843,0.0046709828241095,-18.03165268540116,35789117.141573906,4757095.23239198,41898058.38571593,-8383.628085301283,-3054.9933273143124,345.90138473075024,8.334951761272675
2023-02-02 00:00:00.000000Z,0.0003181146732062,42166848.82099288,0.1564764587193191,87.76864642987675,87.77578408474093,298.0614996613119,0.0187004349231864,-18.0302355431202,35782398.350305595,-16882859.6746466,38632593.38880555,50180.61586371266,-2817.352808601067,-1232.165260640397,7.557439948844879
2023-02-02 02:00:00.000000Z,0.0003145501538583,42166211.423078574,0.1569693053818124,87.91981019298048,90.75814556560344,325.020130625254,0.028062620499736,-18.02021337628344,35777205.65353122,-33973218.62470674,24957648.3429919,95494.87271017976,-1820.2939047584464,-2478.801955425013,4.737158367490104
2023-02-02 04:00:00.000000Z,0.0003035405586844,42165381.98576327,0.1571055535704879,88.04693159113799,95.37572898218993,350.37291869075955,0.0301273460013443,-18.004851692665536,35774626.22508371,-41905700.8741781,4555699.201771067,115265.08460993582,-332.23581560770344,-3057.538504517184,0.6247388274467509
2023-02-02 06:00:00.000000Z,0.000296072320171,42165126.44348669,0.157110057946148,88.06573934137417,100.42377496579456,15.404954305115602,0.0241771781478664,-17.988094153358944,35774953.77677748,-38540135.94552393,-17074254.263399255,104040.20574788378,1245.516565265269,-2812.0087969114998,-3.673639263092874
2023-02-02 08:00:00.000000Z,0.0002955255229801,42165648.07844685,0.1572794609363781,88.00092563164785,105.89323722571062,40.09680754573338,0.011654855827563,-17.973727771116327,35777977.3999417,-24784028.06557142,-34101110.60561707,64726.61746574359,2487.3325215963514,-1808.4819451832163,-6.996874023984901
2023-02-02 10:00:00.000000Z,0.0002952276259496,42166487.2357033,0.1577213027412359,87.94866053939441,110.89870574490368,65.23444233514452,-0.0041946864163453,-17.965027977512737,35783132.36191671,-4347168.119688336,-41936555.67972079,7826.8322069587,3058.470262222112,-317.8730437358681,-8.445169948195261
2023-02-02 12:00:00.000000Z,0.0002902465619588,42166898.67955496,0.1582887165212376,87.99012480284904,113.0121028647448,93.1623408931216,-0.0191847814401186,-17.96440581136906,35789433.29665467,17261599.452794358,-38472568.51698623,-51386.367326136446,2805.4568472975457,1257.766085965526,-7.6239060531087715
2023-02-02 14:00:00.000000Z,0.0002874570253643,42166468.252931945,0.1587192137117824,88.12447931137552,110.5173896833533,125.596513637266,-0.029306757798922,-17.97272578325651,35795384.2948318,34221801.631144226,-24646800.70711961,-96984.3138231428,1797.1020842756188,2494.044728650393,-4.749511893121154
2023-02-02 16:00:00.000000Z,0.0002958778254542,42165535.08935327,0.1588656946396357,88.26833502296671,105.24093800425544,160.79549710465892,-0.0318009729230059,-17.988469183904392,35799179.26886475,41968960.41541024,-4185541.504328277,-116666.42576664776,305.3265228676268,3058.549151551869,-0.5899325409953776
2023-02-02 18:00:00.000000Z,0.0003084557081434,42164981.36720636,0.1588499922306386,88.32410966922491,100.00639206792252,196.03741735678904,-0.0258927172249698,-18.007451728826936,35799343.91911788,38419946.96071728,17402199.113240063,-105061.28667741668,-1268.43297418967,2799.788099698087,3.742192191701175
2023-02-02 20:00:00.000000Z,0.0003155694627948,42165421.77816438,0.1589924646362178,88.27412482833826,94.6228697964806,231.5366823324837,-0.0130072891949556,-18.023829213301003,35795558.789804585,24530026.808959417,34305890.950310655,-65171.58426720879,-2500.9641737594634,1787.3647452691994,7.086278954186403
2023-02-02 22:00:00.000000Z,0.0003230930613464,42166477.793954894,0.159508137769233,88.2159706359151,89.30527243449046,266.9860523184095,0.0035769180223833,-18.03234952901686,35789052.725479536,4036191.0645473422,41973574.94151219,-7593.240807651568,-3060.489943349521,293.30256428354625,8.541539753548316
2023-02-03 00:00:00.000000Z,0.0003313087655557,42167059.14710008,0.160233632144503,88.269431602289,87.07793414909328,299.24376716171395,0.0195427476844709,-18.03065033621941,35782093.75899589,-17544488.477126826,38336317.61488097,52280.48867392669,-2795.766246528439,-1280.4611078346886,7.706963482915068
2023-02-03 02:00:00.000000Z,0.0003270912617362,42166180.19816187,0.1607725901950392,88.43532397699104,90.8092294057891,325.439320640222,0.0306314384708108,-18.020043519378447,35776683.52835363,-34397138.32340947,24369162.80197645,98350.16409781163,-1777.3862252801264,-2509.791612079894,4.793220330546526
2023-02-03 04:00:00.000000Z,0.0003102908110023,42165160.23937933,0.1609396855252323,88.59575203292,94.96689168796314,351.2194625277256,0.0337774132368335,-18.00394182451406,35774093.02481345,-41977387.20137698,3833471.2826895984,118140.2149210294,-279.55728337060253,-3062.8352295623235,0.5741872150201024
2023-02-03 06:00:00.000000Z,0.0002952703716047,42164607.39737944,0.1609241222148283,88.65080322635829,99.8744918787271,16.356257247516854,0.0279801135182035,-17.986626611217755,35774524.01091565,-38239882.06262,-17735472.116864983,106200.28813117904,1293.7665828622314,-2790.152036836697,-3.817265681302981
2023-02-03 08:00:00.000000Z,0.0002901610003135,42164999.5786818,0.1610418630409526,88.60999930574681,105.60741813232691,40.76098705163989,0.0146339751400161,-17.97190966953841,35777594.065018006,-24192455.61274558,-34522839.488949604,65624.3428756216,2518.1335473546205,-1765.3490306484885,-7.196045231786387
2023-02-03 10:00:00.000000Z,0.0002892119325327,42165958.1564991,0.1614356890817845,88.5663246595172,111.4962525602038,65.00704200366444,-0.0028075447908308,-17.962834120765013,35782665.83132996,-3623509.1780607137,-42004802.39354964,7245.227192884908,3063.511461340588,-265.081684768709,-8.647709599281768
2023-02-03 12:00:00.000000Z,0.0002852381995722,42166621.70906738,0.161981886564514,88.6071745606938,114.86135991154671,91.68446314150876,-0.0197441400578656,-17.96159454410486,35788834.835427105,17922442.72280805,-38168530.51893037,-53276.91117344232,2783.366091674773,1306.0018077707375,-7.776851290943481
2023-02-03 14:00:00.000000Z,0.0002830767454476,42166372.31461726,0.1624189743334822,88.74300735691642,113.32874976158809,123.15588562670374,-0.031659318382927,-17.969083763975565,35794761.1500935,34641708.77147328,-24051931.659691814,-99672.75893274655,1753.806439851737,2524.728732141933,-4.813410462030058
2023-02-03 16:00:00.000000Z,0.0002934050522101,42165391.85957087,0.1625775760355904,88.90122920208329,108.3030825191395,158.09047041965312,-0.0353293495051438,-17.984074571364445,35798732.35689452,42034560.52629149,-3459734.591294105,-119440.2941839416,252.4745274034288,3063.3922416063933,-0.5495839991022021
2023-02-03 18:00:00.000000Z,0.000311051201272,42164575.62990135,0.1625416148200015,88.98663982548008,103.15271241490264,193.2189072143582,-0.0296838730958489,-18.002727775091508,35799206.25342499,38113300.29387456,18063585.808518216,-107200.19400878227,-1316.593105342098,2777.4606986081662,3.8738017010157257
2023-02-03 20:00:00.000000Z,0.0003229215039659,42164762.0532881,0.1626072060671309,88.96872468570847,98.0120737808122,228.44303074478384,-0.0160957927519736,-18.01929308607648,35795654.901426844,23933590.211369798,34724740.57978152,-66139.73079113029,-2531.4418171149923,1743.8759131206002,7.272242613265656
2023-02-03 22:00:00.000000Z,0.0003322737158932,42165852.16389325,0.1630201282416703,88.92545146212262,92.34257461856832,264.2290294908478,0.0019617374167622,-18.02820620092751,35789119.35282091,3310554.887393672,42037098.89114538,-7174.679372403394,-3065.0735334582664,240.3661763217495,8.73217893650539
2023-02-04 00:00:00.000000Z,0.0003428568629689,42166759.34629466,0.1636901946167089,88.9762648716495,88.87313526348058,297.73140308398223,0.0197919354995683,-18.026597955527105,35781891.154195435,-18203930.352929384,38027384.65759521,53940.30922156358,-2773.2167856831634,-1328.6006125740787,7.8538341934388916
2023-02-04 02:00:00.000000Z,0.0003401846266404,42166528.89754178,0.164242264617529,89.1458901151013,89.5526783734137,326.97546084426887,0.0326703074950698,-18.015506539051763,35776363.57241799,-34812845.40101206,23770939.247479737,100798.32953270253,-1733.7705662449566,-2540.1607058507566,4.860890662729384
2023-02-04 04:00:00.000000Z,0.0003191967079603,42165426.010918885,0.1644317135942858,89.33049876943167,92.8330272507519,353.60924341752707,0.0370852509218728,-17.998896345099695,35773913.537592374,-42037205.04632957,3107117.3209318407,120737.8039329718,-226.5986845577711,-3067.230852199029,0.5474112811018159
2023-02-04 06:00:00.000000Z,0.0002960363268619,42164576.66419426,0.1643954676345589,89.41872571222758,97.1029155491156,19.350655852010604,0.0317137797977356,-17.9814984963831,35774662.161169216,-37927621.14007585,-18394083.452566028,108282.80526949983,1341.7708985628146,-2767.374471945445,-3.9302321558014497
2023-02-04 08:00:00.000000Z,0.0002839282183362,42164757.99180756,0.1644530905152972,89.40315578376853,102.6460127075731,43.91952063052219,0.0178378201084768,-17.967241203922853,35777995.91916083,-23592410.038878392,-34936131.53247194,66668.03520499046,2548.222780142577,-1721.562526152637,-7.365126667105547
2023-02-04 10:00:00.000000Z,0.0002794523496367,42165752.13361848,0.1647802119771712,89.36896748866657,109.17301945224236,67.51719796074538,-0.0009540889084857,-17.95888520622399,35783106.309675574,-2897562.764943827,-42061556.30065358,7000.523283403065,3067.593385636427,-212.1195407897829,-8.828475360655874
2023-02-04 12:00:00.000000Z,0.0002745937765591,42166641.1103916,0.1652812167252775,89.4068198154321,113.7829680621275,92.95221888465814,-0.0197097864885118,-17.95820324034833,35789097.28116787,18578696.810226865,-37853727.386780255,-54721.76025090431,2760.377338038192,1353.8718092106028,-7.922026792623077
2023-02-04 14:00:00.000000Z,0.0002724138140892,42166618.19617486,0.165704598902722,89.5372899662996,113.38432722525016,123.29488550768566,-0.0334371443234432,-17.965842137070602,35794784.65832311,35051651.36627123,-23450515.34528693,-101917.24216017924,1709.9535179978825,2554.641863729794,-4.88552772573038
2023-02-04 16:00:00.000000Z,0.0002841392897847,42165680.31002938,0.1658665639983222,89.69950969455712,108.87025781362324,157.7140545875428,-0.0384416314290566,-17.98065231789871,35798628.81436517,42087906.72027773,-2733647.129754184,-121881.19279471456,199.55513021830885,3067.3122199134486,-0.5311198739889612
2023-02-04 18:00:00.000000Z,0.0003064943565951,42164666.138644055,0.165815587416249,89.80409193366094,104.00334085205776,192.5400755240484,-0.0333142889721777,-17.999095487484166,35799143.89957102,37795693.72025146,18718884.471611053,-109196.22944205409,-1364.3397512339425,2754.329286208497,3.9756804712644063
2023-02-04 20:00:00.000000Z,0.0003241772035965,42164563.80846224,0.1658129230441201,89.81249143252113,99.32090891996356,227.27966825223228,-0.0193103745268925,-18.01566970622605,35795697.60514554,23330533.6114986,35132805.36261306,-67185.21650225876,-2561.15693071974,1699.9147546629258,7.428021496210033
2023-02-04 22:00:00.000000Z,0.0003369846288255,42165564.64442746,0.1661133573184859,89.78330866640931,93.73525995340592,262.9675489035034,-3.0321654167970983e-05,-18.02476079151276,35789162.57466611,2584439.652959356,42088024.135850444,-7031.3524170146175,-3068.7525894812643,187.40978967078732,8.899020489352003
2023-02-05 00:00:00.000000Z,0.0003509239015519,42166721.50212197,0.1666913550428956,89.82794592104526,89.40425287347922,297.3376327632209,0.0195022907532636,-18.02318722468947,35781784.99271086,-18857556.13651323,37707407.13227423,55191.86790253159,-2749.8646576043448,-1376.2965867363646,7.988179541640963
2023-02-05 02:00:00.000000Z,0.0003521458670941,42166823.39795803,0.1672196974671202,89.98962506549339,88.88362722150487,327.79011968150934,0.0341294012278743,-18.011782077781298,35776121.27051287,-35217886.895611465,23166168.54497676,102797.14371480072,-1689.6620726221358,-2569.745690887304,4.929992566694501
2023-02-05 04:00:00.000000Z,0.0003301707443222,42165764.80378506,0.1674184835039221,90.184757405237,91.12241837194786,355.45538189639603,0.0399041872900399,-17.994725806028793,35773749.65472603,-42084435.64541056,2380484.790530404,122948.16025507334,-173.6110333200623,-3070.710141225135,0.5362242880493971
2023-02-05 06:00:00.000000Z,0.0003003940122988,42164657.39007251,0.1673646077650808,90.298339174924,94.39430213576092,22.16956562605943,0.0351653159521852,-17.977205275052775,35774790.22940009,-37604287.11411404,-19046646.28444079,110133.0308537632,1389.335724216154,-2743.796058864916,-4.016561326078493
2023-02-05 08:00:00.000000Z,0.000280801416862,42164565.28665472,0.1673628250268068,90.30605315576165,99.18537093126804,47.46674072162703,0.021036716822554,-17.963381452976652,35778422.518725105,-22985818.117825024,-35338691.16610229,67692.94290897378,2577.52295008396,-1677.3060825299492,-7.50277079374654
2023-02-05 10:00:00.000000Z,0.0002711299578542,42165503.449188896,0.1676121828356048,90.28162386409828,105.8517009832724,70.91454219088355,0.0011754803204434,-17.955819411683184,35783625.55981901,-2171389.9763200185,-42105810.04224101,6957.532120064232,3070.749799056958,-159.14841004195665,-8.980752445438894
2023-02-05 12:00:00.000000Z,0.0002636475928132,42166567.36614971,0.1680483581778221,90.31476010463956,111.52073489565424,95.29448095248284,-0.0191843620717021,-17.955851459565274,35789453.29048676,19228785.721004806,-37528074.25895219,-55792.606648452886,2736.580616316853,1401.285224744257,-8.04886351371684
2023-02-05 14:00:00.000000Z,0.0002601781710832,42166794.57173587,0.1684382767812375,90.43382749630987,112.39532195470288,124.37503796663952,-0.0346287424856709,-17.963775469135918,35794849.875327624,35450721.44334087,-22842863.55387016,-103706.96883739652,1665.6310321565124,2583.760628348935,-4.954012506283622
2023-02-05 16:00:00.000000Z,0.0002718630138126,42165979.15436755,0.1685942499420243,90.58982245894708,108.6495954904376,158.03226305679112,-0.0410146881729411,-17.978411005144814,35798472.79720865,42128619.06321336,-2007615.0788523464,-123897.48160490552,146.6258259052617,3070.319901281512,-0.5244313045385958
2023-02-05 18:00:00.000000Z,0.0002973405812745,42164847.2841513,0.1685351686525009,90.70195112517465,104.24534351821464,192.38843455360933,-0.0365799933508146,-17.99649106141841,35798955.51748476,37467057.76693855,19367870.71858868,-110899.10771541188,-1411.641938024701,2730.41099865682,4.053641637827551
2023-02-05 20:00:00.000000Z,0.0003203130943715,42164460.13254888,0.1684820368328199,90.7284969272247,100.18814055730732,226.48486552705305,-0.0224163494735975,-18.0128510273665,35795620.246643335,22720956.09364396,35529977.64913724,-68135.64382380087,-2590.0918175024854,1655.4965772880423,7.553848200473143
2023-02-05 22:00:00.000000Z,0.0003369739441317,42165268.2999398,0.1686766081169859,90.7113789459767,95.04272137606397,261.7204077189592,-0.0021893559224808,-18.021986328422795,35789172.7021881,1858044.8812778727,42126353.12492006,-7009.373478920585,-3071.5167095692505,134.44900932366164,9.0368439385487
2023-02-06 00:00:00.000000Z,0.0003543947331395,42166562.58244992,0.16914058374277,90.74777407277396,90.25338711725423,296.5569767585553,0.0188111471533322,-18.020497883821825,35781740.247215986,-19505117.914332144,37376496.26776813,56135.550155904886,-2725.7066555620663,-1423.5356652068908,8.100632062662338
2023-02-06 02:00:00.000000Z,0.0003611137191166,42167021.9608971,0.169609608623851,90.8908366495864,88.69840410445376,328.06259495898865,0.0350411748091105,-18.008936056591285,35775961.31811566,-35612148.16023258,22555088.441730727,104370.20729012956,-1645.08100329105,-2598.533243393157,4.988865890146021
2023-02-06 04:00:00.000000Z,0.0003415543662587,42166138.41777481,0.16980138695077,91.08017371934947,89.89844164041916,356.77275128403585,0.0421503325971354,-17.991534233788226,35773622.225171745,-42119116.43385622,1653869.136911868,124709.71506667924,-120.61577861753004,-3073.2709511777207,0.5290919257180068
2023-02-06 06:00:00.000000Z,0.0003077413198599,42164852.20683666,0.1697363298844111,91.20651507389188,92.00857677917968,24.6360541131671,0.038149516556086,-17.973882615960832,35774919.79689772,-37270062.46909359,-19692896.74259126,111615.23579775402,1436.443140199403,-2719.42763592237,-4.084838747893644
2023-02-06 08:00:00.000000Z,0.0002813004896157,42164451.99675082,0.1696853464811951,91.23237516247964,95.55831551829802,51.15600457126524,0.0239859154597175,-17.960466610754864,35778873.80797526,-22372961.901427764,-35730371.40508071,68519.78442335667,2606.0250628750787,-1632.6004211475597,-7.612168182790145
2023-02-06 10:00:00.000000Z,0.0002655471377059,42165242.112994425,0.1698563577175992,91.21704016128751,101.70467560154424,75.11382557926554,0.0033363297612495,-17.953760926725774,35784225.867532805,-1445296.7341300736,-42137583.12713558,6936.963562602149,3072.983187226949,-106.19270946919973,-9.101305566500375
2023-02-06 12:00:00.000000Z,0.0002537974235123,42166410.88918353,0.1702144965342715,91.24449865672612,108.0097875110135,98.8624892938823,-0.0183512455278496,-17.95466872782662,35789919.98563535,19872461.87460831,-37191760.94993243,-56623.710529893855,2711.989381406992,1448.220086064213,-8.148353647104186
2023-02-06 14:00:00.000000Z,0.0002475597245399,42166885.51374216,0.1705536007147517,91.34737783538708,110.1278900120812,126.71526297903264,-0.0353093804154549,-17.963049550219182,35794987.59321376,35838800.73868589,-22229299.43790356,-105097.02345819856,1620.8608645926718,2612.0708096685707,-5.006363802782041
2023-02-06 16:00:00.000000Z,0.0002576925023006,42166258.29027016,0.1706941122630628,91.4877439043954,107.3687123397045,159.40168342385527,-0.0429967177666565,-17.977569556916407,35798292.22403784,42156753.48515313,-1282021.3215350471,-125451.18698475456,93.71194036149828,3072.413548469005,-0.5167386111605109
2023-02-06 18:00:00.000000Z,0.0002844741675088,42165097.45939276,0.170634387759907,91.5956407219294,103.6274947268507,193.0995335208909,-0.0393157788647981,-17.995167470102654,35798643.0420652,37127618.57704787,20010200.56280553,-112187.80331949102,-1458.479287659481,2705.71819527482,4.117492253504833
2023-02-06 20:00:00.000000Z,0.0003116692852202,42164462.2946972,0.1705538305712922,91.63098724613316,100.35919174308432,226.3987226789443,-0.0251769444735722,-18.011067748230367,35795385.90676535,22105186.66173315,35916041.27419223,-68817.58909333445,-2618.2392774480927,1610.6432318210022,7.654185092594221
2023-02-06 22:00:00.000000Z,0.0003322228229642,42165006.78217469,0.1706640646212648,91.62278107966512,95.96750741995564,260.871792627525,-0.0042647952318538,-18.020028765471437,35789087.56095661,1131695.7974410565,42152034.87172865,-6925.229536072806,-3073.373672933464,81.50640066690917,9.14398421138859
2023-02-07 00:00:00.000000Z,0.0003529733121463,42166309.19469998,0.1710092425901942,91.65039309660436,91.16299008633696,295.732292788435,0.0179242721740985,-18.01857624639569,35781705.97599309,-20146383.84499092,37034745.00293052,56922.0747904714,-2700.759654103214,-1470.3010105232197,8.183957035063685
2023-02-07 02:00:00.000000Z,0.0003658607217078,42167092.58848514,0.1713914966372396,91.76698784927304,88.8568739945772,328.01555907376434,0.0355191130167708,-18.00696788523657,35775868.7160972,-35995529.63701021,21937887.133137178,105600.69413917264,-1600.0463950871188,-2626.513860694895,5.026295082070217
2023-02-07 04:00:00.000000Z,0.0003518255953006,42166498.27973241,0.171558781332491,91.93362730459786,89.15434730543834,357.651207853189,0.0438161614353652,-17.9893352231846,35773538.49381348,-42141281.60652563,927496.7154003744,126017.00954550636,-67.63054733322475,-3074.912498894883,0.513053936575895
2023-02-07 06:00:00.000000Z,0.0003172806550018,42165148.71971696,0.171491643146336,92.0564707954819,90.14792951167664,26.634679369135487,0.040535133930325,-17.971564798598592,35775052.343755424,-36925093.26873518,-20332638.092334557,112633.26289478542,1483.0803610834837,-2694.2781419147464,-4.146771469443554
2023-02-07 08:00:00.000000Z,0.0002857068625875,42164443.3548504,0.1714115058381166,92.09201383874176,92.17041876385208,54.671824372167066,0.0264582235290139,-17.958520011957603,35779337.97427228,-21754050.95319179,-36111067.61688383,68982.01010066365,2633.7246654198907,-1587.4613851915296,-7.700705871944074
2023-02-07 10:00:00.000000Z,0.0002640951149058,42165002.721522845,0.1715153420981987,92.0839881655981,97.108514482502,79.82971166160355,0.0052593860659614,-17.952703136327933,35784896.616469726,-719491.6007277267,-42156893.74369655,6741.480844737385,3074.298094557012,-53.26986021751969,-9.191075991197865
2023-02-07 12:00:00.000000Z,0.0002470267819843,42166190.07485878,0.171791025295817,92.1055252392948,103.3637708269802,103.63312880832363,-0.017454442666997,-17.954635250219855,35790505.78215932,20509576.31432321,-36844923.92777619,-57394.12662228427,2686.615290849688,1494.6614621796627,-8.214565445363627
2023-02-07 14:00:00.000000Z,0.0002365526597828,42166882.75875741,0.1720665516993437,92.18901857890216,106.42904645192964,130.5574598376056,-0.0356362672623975,-17.963672089421813,35795230.04991178,36215843.75991021,-21610050.19269432,-106202.9081410127,1575.6597901078148,2639.562566227244,-5.031249683848801
2023-02-07 16:00:00.000000Z,0.000243546967306,42166490.11595493,0.172182964673148,92.30577889668126,104.76212991780068,162.17521865934435,-0.0444185546674675,-17.978198162103844,35798129.44822267,42172396.548646,-557136.4518226846,-126565.1928854495,40.83274448424245,3073.591477641589,-0.4942245559836468
2023-02-07 18:00:00.000000Z,0.0002696417200861,42165389.59628741,0.172129712525879,92.398429449092,101.88314078595212,195.0266237577285,-0.0414192802199519,-17.995257986385333,35798233.17296624,36777594.66849927,20645628.21149949,-112987.5172085441,-1504.835636656145,2680.259530944096,4.179957766423508
2023-02-07 20:00:00.000000Z,0.0002994418852081,42164570.772376806,0.1720472964148848,92.43284088259944,99.5788397112902,227.36343191125945,-0.0273836661088356,-18.010471682945102,35794983.78732536,21483527.125336614,36290844.67140454,-69078.37829863494,-2645.5933963383764,1565.3713274778938,7.737501341729823
2023-02-07 22:00:00.000000Z,0.0003234393443662,42164818.61742419,0.1721047421408147,92.4296594630364,96.22791816126468,260.7911577643897,-0.0059944573531362,-18.01898929181509,35788859.818450615,405688.6628043415,42165044.6933293,-6586.801293496421,-3074.330754051442,28.59925841427396,9.222741674213978
2023-02-08 00:00:00.000000Z,0.0003470964409159,42166001.33315288,0.1723446101243793,92.44928712969234,91.88089066256072,295.2022592862694,0.0170947397553886,-18.017430584447595,35781628.08981536,-20781145.24273056,36682236.31554098,57736.98708299753,-2675.039461225568,-1516.5806086745938,8.234092431319048
2023-02-08 02:00:00.000000Z,0.0003659042756766,42167021.75278248,0.172626366204988,92.53558215058872,89.20797836202077,327.8826252526435,0.0357489947568405,-18.005819004342676,35775815.32936042,-36367944.83075856,21314711.262346365,106624.93009831116,-1554.5753738953897,-2653.681770380518,5.032916708631545
2023-02-08 04:00:00.000000Z,0.0003596554611023,42166789.67730353,0.1727542831553609,92.66494431544189,88.85259204821537,358.2085333080309,0.0449768580334677,-17.988063779154785,35773494.58142092,-42150958.68033054,201534.4957913435,126925.34808068955,-14.669395371086694,-3075.634998146516,0.4753551003246054
2023-02-08 06:00:00.000000Z,0.0003279852920101,42165517.36026523,0.1726959454446992,92.76622995872322,88.95725815372332,28.102573010945708,0.0422662554970939,-17.970198343226688,35775180.135188945,-36569489.49286027,-20965728.71812214,113146.23748252667,1529.2390606640024,-2668.3543048437496,-4.215790621468688
2023-02-08 08:00:00.000000Z,0.0002938193369689,42164555.690659694,0.1726156096813793,92.800065710225,89.45767396928952,57.66318512054226,0.0282761774866429,-17.957466513014573,35779789.406541914,-21129227.419791244,-36480703.845683485,68949.45767820004,2660.6213339236324,-1541.899756807988,-7.779208845870085
2023-02-08 10:00:00.000000Z,0.0002677192939894,42164821.09400137,0.1726757674798592,92.79631723469618,92.66756218126832,84.54413398597106,0.0066864057985418,-17.952518361437054,35785607.81601767,5906.335514482926,-42163743.9489204,6181.491957585943,3074.7008746992565,-0.3900604839402035,-9.255349525717792
2023-02-08 12:00:00.000000Z,0.000245436499612,42165930.710654266,0.1728756004396898,92.81235310263324,98.04371567468375,109.2310260850238,-0.0167697765663786,-17.955580120383484,35791200.1998466,21140069.695026856,-36487628.77141956,-58306.507017447286,2660.468020394797,1540.6020071115674,-8.245722990586078
2023-02-08 14:00:00.000000Z,0.0002297454442665,42166787.73828101,0.173081350926202,92.87500194046166,101.4429803300922,135.84135469577714,-0.0358336639985272,-17.965475305000098,35795599.70208557,36581865.97035612,-20985224.784066085,-107189.56259832808,1530.0388302489,2666.23116379069,-5.020178284017193
2023-02-08 16:00:00.000000Z,0.0002321286027099,42166650.545635,0.1731674385741239,92.96231874602066,100.72905503058443,166.53538118883543,-0.0453966093216363,-17.980185817635196,35798032.48510016,42175647.02107808,166906.90377293248,-127325.35267000878,-11.999693137726126,3073.852201995057,-0.4438942752462315
2023-02-08 18:00:00.000000Z,0.0002554407745137,42165693.331008814,0.1731271402404521,93.03025336663376,98.82778574587572,198.43429307112044,-0.0428707879488297,-17.99673425132888,35797774.220263354,36417170.56912069,21274029.723683625,-113284.19021840344,-1550.6998953876216,2654.039266262177,4.255176664047879
2023-02-08 20:00:00.000000Z,0.0002857386489648,42164775.9475674,0.1730683174965302,93.05449900541296,97.63076475282853,229.67484024669025,-0.0288875132709074,-18.01109404143168,35794433.57776749,20856222.51480092,36654317.02290982,-68808.98668549678,-2672.1494343002123,1519.6909625466265,7.815480101514641
2023-02-08 22:00:00.000000Z,0.0003120798527364,42164733.07604872,0.1731105055564418,93.05214782545,95.5800586561064,261.8022373281427,-0.0071388774667232,-18.01889472225846,35788468.36496335,-319732.9403232805,42165392.74058592,-5818.560838773246,-3074.3933036169287,-24.261072251776376,9.279567802992126
2023-02-09 00:00:00.000000Z,0.0003378452403876,42165687.738539726,0.1732741163748328,93.06570530292258,92.1704521026975,295.2823024090159,0.0165937318644348,-18.01702215163814,35781462.86778301,-21409228.091909274,36319049.52462385,58779.22472502089,-2648.5591052260093,-1562.367129574216,8.25103850686966
2023-02-09 02:00:00.000000Z,0.000361461671572,42166817.45676815,0.1734584897928927,93.12247627542084,89.60429885166775,327.8854630611768,0.0359709530308903,-18.005381175790593,35775769.395735845,-36729322.00206164,20685674.92455545,107619.2187772951,-1508.6822860171103,-2680.0344035595103,5.002603693978406
2023-02-09 04:00:00.000000Z,0.0003640192744624,42166963.04801747,0.1735388357485726,93.20511957965226,88.93581035915015,358.57122567807085,0.0457876045159385,-17.987592151723824,35773481.243153304,-42148169.37898686,-523897.575462786,127548.8101216675,38.2565414301217,-3075.439347930471,0.4051165300066849
2023-02-09 06:00:00.000000Z,0.0003385562997359,42165911.921701774,0.173501171371652,93.26798906604124,88.51664439108052,29.027575981741283,0.0433766248414658,-17.96966369387135,35775291.46440573,-36203333.13472364,-21592067.772622485,113179.11437678966,1574.9139769831547,-2641.660559770632,-4.305344675670366
2023-02-09 08:00:00.000000Z,0.0003047487398162,42164790.39118948,0.1734559861276769,93.28706805948693,87.79114188275543,59.82863273947421,0.0293412234775154,-17.957161833190312,35780192.38246738,-20498584.40125612,-36839219.61296391,68349.84581053957,2686.7172522873025,-1495.9217034220442,-7.86068025515436
2023-02-09 10:00:00.000000Z,0.0002763451296511,42164731.57663636,0.1735084304761629,93.28342024501814,89.09754049400253,88.61219347561268,0.0074072375586149,-17.952990787497573,35786309.15374535,730841.6558705571,-42158111.48355171,5102.597647005918,3074.1990693176404,52.44282018590651,-9.303418856893058
2023-02-09 12:00:00.000000Z,0.0002503340047418,42165664.79113656,0.1736514435225455,93.29512691173107,92.891977776467,114.88397436994543,-0.0165690890541722,-17.95720951053214,35791967.183455355,21763944.889991075,-36119867.6913207,-59560.72508042608,2633.555424369652,1586.041304331202,-8.24488071048435
2023-02-09 14:00:00.000000Z,0.0002295967880228,42166608.25318332,0.1737897260702703,93.33758601265832,95.81476712550985,141.98994147592146,-0.0361680101040478,-17.96813141662649,35796098.35467715,36936918.67786279,-20354813.850889493,-108253.01594189496,1484.003541997172,2692.076838108008,-4.969057585290016
2023-02-09 16:00:00.000000Z,0.0002263982298396,42166721.61556631,0.1738428784641951,93.39219250846268,95.59637841528664,172.22074442959473,-0.0461254681594072,-17.983238907778297,35798043.20390412,42166592.43912946,890115.4349363614,-127874.98236278052,-64.7804247686968,3073.194762545466,-0.3555255752284907
2023-02-09 18:00:00.000000Z,0.0002449980150579,42165976.78344251,0.1738215010724763,93.4283698795241,94.54199873762288,203.3049216812165,-0.0437451248604803,-17.999389069207353,35797327.13298525,36046472.52313518,21895405.758020416,-113133.17180723636,-1596.066323458508,2627.057275165378,4.356823446262973
2023-02-09 20:00:00.000000Z,0.0002734037724531,42165057.45644226,0.17380946432565,93.43467060979188,94.45345298289108,233.45586810815132,-0.0296266838528127,-18.012818926382568,35793782.73136801,20223436.27369353,37006469.96779878,-67964.36015056825,-2697.9035575369144,1473.6054803777804,7.901727133015735
2023-02-09 22:00:00.000000Z,0.0003002978047827,42164768.03102739,0.1738755964643452,93.42922139404524,93.86510608819071,264.1249509954975,-0.0075172681436877,-18.01967272480202,35787923.341625,-1044398.9391976518,42153123.91052994,-4487.974411809068,-3073.5638067939108,-77.06932162671119,9.324666486351871
2023-02-10 00:00:00.000000Z,0.0003268346677586,42165420.12594022,0.1740028687918307,93.4395379611376,91.82854330143935,296.23575986800654,0.0166754598209901,-18.017253801498548,35781187.34242715,-22030504.989950422,35945261.8636618,60235.35670836177,-2621.327499593484,-1607.6573933170396,8.23937153198528
2023-02-10 02:00:00.000000Z,0.0003533361108262,42166509.81222343,0.1741098486779585,93.47222273966544,89.89975863338701,328.22574928354214,0.0364530175545869,-18.00550171252816,35775705.32528773,-37079608.122049175,20050866.574655704,108780.41193449454,-1462.3780276130506,-2705.571586557872,4.93365946197287
2023-02-10 04:00:00.000000Z,0.0003641782615544,42166981.41524027,0.1741439458820065,93.50628363354087,89.3293579631484,358.86197391909496,0.0464709905842217,-17.98774483707892,35773491.158093154,-42132933.30231252,-1248715.1303390888,128051.01145605838,91.13852344984228,-3074.32663545399,0.2949785996214434
2023-02-10 06:00:00.000000Z,0.000347414847039,42166273.78769442,0.1741386872183866,93.51865264975348,88.83057639240339,29.4484578044157,0.043994218986979,-17.969798335186262,35775379.08085728,-35826690.91627497,-22211582.680773266,112826.0779877284,1620.1012031093487,-2614.1991879239386,-4.427062459456148
2023-02-10 08:00:00.000000Z,0.0003169056023845,42165131.63859611,0.1741664582692591,93.51043927847076,87.39494301761864,60.986805068486966,0.029655689858694,-17.957429017876567,35780510.51124625,-19862192.75310424,-37186561.345607534,67184.9958015586,2712.0153015768174,-1449.5297876610537,-7.958684555977411
2023-02-10 10:00:00.000000Z,0.0002885957546029,42164763.06992684,0.1742573502652384,93.5022018063028,86.99935344083218,91.47633570771004,0.0072946715738555,-17.953866146708275,35786936.0726836,1455284.3345581172,-42139951.62626784,3411.303326864114,3072.8003597646107,105.22946402886822,-9.34763191268313
2023-02-10 12:00:00.000000Z,0.000261317732456,42165432.78777922,0.1388613688521505,93.22459912455167,89.17840547497359,119.6517344933948,-0.0007056956588779,-17.9591526878334,35792744.79698554,22381259.922700964,-35741573.088405944,-49284.61919414732,2605.8886818012147,1630.9844052951228,-6.527961692801225
2023-02-10 14:00:00.000000Z,0.0002371555189916,42166364.29352425,0.1389452786639059,93.25719882318069,90.93522304223949,147.9324141515165,-0.0069285348870507,-17.971190678475363,35796700.83752156,37281117.12976956,-19718711.61824641,-87545.80385228229,1437.5584029179963,2717.104186285585,-3.8549126993756966
2023-02-10 16:00:00.000000Z,0.0002284997270781,42166693.48698866,0.1389679918474684,93.28574421331876,90.54831495776942,178.3571888451586,-0.0113350717028548,-17.98691294283342,35798187.60369058,42145360.11595801,1612611.8445980218,-102277.76074718984,-117.50983313616638,3071.618965866015,-0.142459289746526
2023-02-10 18:00:00.000000Z,0.0002411165259887,42166210.56586703,0.1389705346524534,93.28742541772506,89.86487901094634,209.10512833808227,-0.0127111957206672,-18.002861809034318,35796956.160345115,35665621.49019924,22509862.6668157,-89495.44224610523,-1640.935770516466,2599.309915443455,3.611999128066992
2023-02-10 20:00:00.000000Z,0.0002654331365634,42165389.61960996,0.1390238090193951,93.266602903663,90.57863879016142,238.48178743832665,-0.0106479692486307,-18.015399070782493,35793101.34604902,19585284.629339423,37347385.47577525,-52608.827806173664,-2722.8566099041145,1427.1124681040906,6.3987639038607735
2023-02-10 22:00:00.000000Z,0.0002906632457598,42164930.56021104,0.1391498918125797,93.25252734440105,91.3865827150656,267.7642948452548,-0.0056637051877186,-18.02115760649568,35787268.10838529,-1768209.297424898,42128313.774873056,-1517.5670169670957,-3071.846521584831,-129.8250408460366,7.466245672080869
2023-02-11 00:00:00.000000Z,0.0003160370393577,42165248.5604859,0.1392859582789425,93.26628244518407,91.00703635295255,298.21540337275985,0.0009192236237843,-18.01797531447204,35780808.02619377,-22644924.722150367,35560955.084996365,50034.90961833821,-2593.3537780223087,-1652.4507072489894,6.5230913876504575
2023-02-11 02:00:00.000000Z,0.0003427627431255,42166150.78597494,0.1393499187102452,93.28973280857916,90.2199291239175,329.07316818249615,0.0073160682301302,-18.00600228457346,35775614.35573997,-37418826.93533176,19410367.694583517,88148.04020631005,-1415.6735471156694,-2730.294049031537,3.818474004701325
2023-02-11 04:00:00.000000Z,0.0003597634263911,42166833.53144881,0.1393495723705091,93.28119262308014,90.19556284297794,359.20587498838927,0.0117583546273177,-17.988336072203122,35773527.90386818,-42105346.8447299,-1972843.764727184,102511.7419650728,143.96788886360702,-3072.297865499769,0.0781076697789069
2023-02-11 06:00:00.000000Z,0.0003527577618521,42166540.60709693,0.1393859845552472,93.23002170403416,90.09372297062777,29.458902909104093,0.0129888572111317,-17.970452361059042,35775450.91840009,-35439703.97669831,-22824206.41260451,89207.51479837853,1664.797522673395,-2585.971400133056,-3.689135445736509
2023-02-11 08:00:00.000000Z,0.0003281332233084,42165545.36226917,0.1395203876695138,93.17482100941665,88.58815828787986,61.11412140039037,0.0106313046659428,-17.958132782434237,35780721.21394782,-19220188.348185785,-37522673.1901982,51791.5407008171,2736.5204622184096,-1402.7256185304066,-6.46428506129122
2023-02-11 10:00:00.000000Z,0.0003020375618585,42164936.16264307,0.1397012380519507,93.15405608595324,86.98115608205997,92.8272150567964,0.005309678739515,-17.954940615271486,35787423.48857266,2179161.917185142,-42109212.10994678,343.85278499892775,3070.516543199916,157.97114769795164,-7.496543044341044
2023-02-11 12:00:00.000000Z,0.0002761399519795,42165271.29761779,0.1398384218036886,93.16781206142292,86.99890572312907,122.87168352811868,-0.0015259556354451,-17.96110157139189,35793451.65733008,22991930.449599583,-35352671.70041476,-51261.34258496406,2577.4649683228954,1675.4365090383235,-6.507035153094076
2023-02-11 14:00:00.000000Z,0.0002512670245397,42166077.56743143,0.1398903216498051,93.18695285251286,87.28268524776291,152.63776441470606,-0.0080035133994613,-17.97423526336549,35797349.57204827,37614351.12706729,-19076800.491050504,-89105.93845303029,1390.6990043681988,2741.31925806268,-3.762307681324408
2023-02-11 16:00:00.000000Z,0.0002386026626631,42166556.23687534,0.1398899024851478,93.17995646493232,86.20015044355087,183.7929378426587,-0.0123396639074005,-17.990727087783426,35798458.2425178,42111809.4347752,2334542.417461034,-102975.71550400162,-170.19101888254045,3069.126034053623,-0.0007868480579038
2023-02-11 18:00:00.000000Z,0.0002451619574041,42166357.66317608,0.1399217026963247,93.13774651506314,85.23904759897844,214.8624229411999,-0.0133222695858924,-18.006688166652175,35796702.10451286,35274476.72611574,23117534.587993026,-89104.80320866103,-1685.3044572511717,2570.7930356222364,3.765866824204166
2023-02-11 20:00:00.000000Z,0.0002640607245495,42165731.25523448,0.1400552506157683,93.08502739929698,86.10131386929315,244.12324038765155,-0.0106420791254107,-18.01845711719336,35792451.30057299,18941683.48811367,37677161.83129407,-51191.102406375365,-2746.9971478268853,1380.2069271502637,6.523539440781534
2023-02-11 22:00:00.000000Z,0.0002856072267264,42165205.33512581,0.1402718771857684,93.06192024775746,87.87580189482269,272.4493734987837,-0.0049878777327499,-18.023077556728083,35786550.23847185,-2491154.1486675185,42091032.305811584,585.8536455559943,-3069.2280166655128,-182.53096989685935,7.527260423756265
2023-02-12 00:00:00.000000Z,0.0003075511931709,42165206.16917022,0.1404596435278639,93.08164092310774,89.14110991631298,301.25058347888404,0.0021222446925813,-18.018974013170723,35780338.71126139,-23252394.032565657,35166184.21468773,52286.01632786258,-2564.62895050026,-1696.7488858587576,6.501679100437596
2023-02-12 02:00:00.000000Z,0.0003313182787194,42165799.50884207,0.1405200600430198,93.10267044009932,89.8626367136798,330.6024772968328,0.0087351312394344,-18.006658799786184,35775489.97948098,-37746844.74384293,18764218.30267471,89949.1924306871,-1368.5666918248648,-2754.204096912135,3.717154163416233
2023-02-12 04:00:00.000000Z,0.0003508644999887,42166529.09514316,0.1405029753678318,93.06152921875892,90.81324126428616,359.7926962323374,0.0129881169696069,-17.98911043336162,35773597.454861894,-42065285.352026366,-2696257.103638121,103360.26549423391,196.7399986602845,-3069.354141358171,-0.0797717281823644
2023-02-12 06:00:00.000000Z,0.0003528084212007,42166646.84613211,0.1405849992279016,92.95239940375842,91.54847835117351,29.26644572079458,0.0136363522023566,-17.9713868075316,35775530.77700524,-35042302.4943737,-23429913.618774407,88829.39752029274,1708.9928029759026,-2556.9765616749687,-3.8645987247787152
2023-02-12 08:00:00.000000Z,0.0003359536272305,42165968.07930583,0.1408493762730772,92.84876010242084,90.62312086983415,60.38988256949763,0.0104346246762954,-17.959080201175297,35780828.221915,-18572580.265018843,-37847524.20340467,50224.44747216863,2760.2219647126217,-1355.5083754089685,-6.611430334209425
2023-02-12 10:00:00.000000Z,0.0003137322904069,42165248.39980848,0.1411704913362866,92.81481538865528,88.46228753061784,92.66985893098314,0.0042364258942717,-17.956016444534992,35787723.45961289,2902400.509053651,-42065851.41609551,-2052.738090123312,3067.3406993182302,210.6705816248892,-7.573977060999621
2023-02-12 12:00:00.000000Z,0.0002913565127496,42165225.93890485,0.1413784651882248,92.83666966434356,86.92685340766182,124.25884793855698,-0.0032437401850313,-17.9627425407285,35794002.18380619,23595943.70754412,-34953080.84283423,-53883.923941623085,2548.293736074331,1719.4055565658225,-6.490238710099519
2023-02-12 14:00:00.000000Z,0.0002688318016995,42165788.93750133,0.141430695892562,92.85491858399736,85.73665550586156,155.49886449512692,-0.0099216793068684,-17.97680983029012,35797966.1912958,37936654.35599113,-18428933.98512353,-91262.23153591291,1343.4280022847493,2764.730720950672,-3.65196234983196
2023-02-12 16:00:00.000000Z,0.0002546630575882,42166317.08493554,0.141418550289788,92.82431418869602,83.72175181870679,187.6091745611058,-0.0139255217719121,-17.99414163085048,35798823.68460982,42065965.47431236,3056097.1586628994,-104073.79893426348,-222.82830974963403,3065.718467708597,0.1764745673287058
2023-02-12 18:00:00.000000Z,0.0002563416353866,42166390.85106802,0.1414811806358191,92.74540154977132,81.9654902148335,219.51028513657323,-0.0141076946085257,-18.010338427386362,35796591.98761822,34873025.36268715,23718599.838491462,-88819.05691623145,-1729.1773982986313,2541.50127478912,3.964390329660948
2023-02-12 20:00:00.000000Z,0.0002698149912155,42166041.72545801,0.1417007088099204,92.66300671498564,82.19309671593969,249.43599671603096,-0.0103600273958331,-18.021548742988056,35791898.25648825,18292596.664199386,37995925.10805387,-49557.42867217046,-2770.326410585932,1332.8808592604355,6.690874604353864
2023-02-12 22:00:00.000000Z,0.0002866828595765,42165569.70875825,0.1420273738850262,92.63176862595786,84.16981894721613,277.56910213472787,-0.0036545087075121,-18.025093871553395,35785837.030805856,-3213268.8820088166,42041355.818954,3171.619523603563,-3065.707557213797,-235.19241362122835,7.6181848004447
2023-02-13 00:00:00.000000Z,0.0003032755147986,42165319.07137292,0.1423024786237587,92.66331487164092,86.65324850451715,305.14137488737657,0.004201850795909,-18.01998069888475,35779818.92570724,-23852948.57279129,34760998.96202552,55166.74755853652,-2535.154325809419,-1740.5543895137066,6.490512727694005
2023-02-13 02:00:00.000000Z,0.0003208222455153,42165528.12044242,0.1423985506991615,92.69915973675236,88.93443658787919,332.9192411897808,0.0110387287855261,-18.00721640724343,35775345.67540724,-38063717.757026605,18112453.140859827,92376.03961455946,-1321.0617153361816,-2777.3036677750865,3.604681736883146
2023-02-13 04:00:00.000000Z,0.0003382557301841,42166118.34513275,0.1423842335556793,92.65297047567498,91.14904786870932,0.8503548139662152,0.0149054837157456,-17.989814434839747,35773719.985182166,-42012843.14683119,-3418932.379458035,104686.58948850437,249.44865584383115,-3065.4966506215287,-0.2666243700596793
2023-02-13 06:00:00.000000Z,0.0003462527208316,42166554.30178759,0.1425045564769193,92.50970073842204,93.078699596984,29.163516589382382,0.0146224153657584,-17.97240356967271,35775666.65973275,-34634629.626769654,-24028685.56326439,88676.85406507643,1752.6799697871263,-2527.214878594113,-4.079808488375968
2023-02-13 08:00:00.000000Z,0.0003378705751449,42166324.12923573,0.1428980456057305,92.36594956821016,93.33871744647804,59.14161529869794,0.0101543664173422,-17.960171703944848,35780876.16525224,-17919554.347067676,-38161100.64834826,48583.13028943729,2783.1160537032124,-1307.879605304235,-6.800646040191533
2023-02-13 10:00:00.000000Z,0.0003207683531301,42165679.46740956,0.1433947056674404,92.3201362945285,91.3838061905721,91.22760964066578,0.0026738090838077,-17.95703682155462,35787827.90197706,3624815.871776143,-42009871.25532007,-4808.117819362205,3063.277450559929,263.325673268817,-7.686904992899971
2023-02-13 12:00:00.000000Z,0.0003032347399351,42165336.43119802,0.1437268895541297,92.35848041176864,88.74672966078678,123.90155745361942,-0.0057496371910468,-17.96395704540007,35794328.37455824,24193141.09315197,-34542806.81464639,-57071.56086517544,2518.380900870477,1762.8932417115732,-6.494021480801379
2023-02-13 14:00:00.000000Z,0.0002858450074266,42165549.73245026,0.1438184295741607,92.39269497056326,86.22192852571443,156.45957593944576,-0.0127451155519188,-17.978660000946473,35798461.94276757,38247913.3384626,-17775088.642380524,-94060.08193704812,1295.750875099417,2787.3445099949854,-3.5417356322168327
2023-02-13 16:00:00.000000Z,0.0002732636463447,42165996.61348009,0.1438080156417193,92.35704658811125,83.2761412046028,189.50502765314585,-0.0163174680992178,-17.996777460111865,35799223.77313975,42007740.68463744,3777340.846526088,-105737.1415066417,-275.4198681889425,3061.4007946049755,0.374686605319813
2023-02-13 18:00:00.000000Z,0.000272142793754,42166288.18554395,0.1438974742009058,92.25548403544512,80.52545243247252,222.422802822314,-0.0154033503050955,-18.013386495182072,35796620.64616945,34461189.84414304,24313137.93741152,-88885.01248403905,-1772.552821064885,2511.434234949068,4.200067526595005
2023-02-13 20:00:00.000000Z,0.0002814064565856,42166269.66043575,0.1441961824987045,92.15088238046908,79.54392555970257,253.5801608922121,-0.0101670555864727,-18.024290667770437,35791483.75417444,17637971.37920151,38303741.04968003,-47976.24189409899,-2792.8391388210603,1285.1316643718567,6.902409028887296
2023-02-13 22:00:00.000000Z,0.0002940603340756,42165980.55239163,0.1446376470857851,92.11438475711394,80.86791941307825,282.3721758518794,-0.001968133342304,-18.026914642177747,35785183.37829049,-3934561.151318377,41979337.508783735,6015.845952400695,-3061.2786464183605,-287.8099231330899,7.749462225302369
2023-02-14 00:00:00.000000Z,0.000304626902671,42165590.76697635,0.1450218639273545,92.1626085265559,83.78937528662996,309.4907684360884,0.0069886772735921,-18.020778205375336,35779282.753873155,-24446559.75345588,34345455.71251936,58552.51986807737,-2504.9270112215377,-1783.8662837935672,6.506124049707971
2023-02-14 02:00:00.000000Z,0.0003133824488861,42165402.028288215,0.1451843626562229,92.22854516751978,87.2565228079929,336.0531248327166,0.0142326321493634,-18.00747261005289,35775187.87391745,-38369416.19415574,17455130.80234371,95432.73973475746,-1273.161168170956,-2799.5934764664626,3.499543432467298
2023-02-14 04:00:00.000000Z,0.000323751026132,42165679.76571304,0.1451878259005899,92.2067339639983,90.74803588261744,2.6828048606193664,0.017689018230079,-17.99022407056317,35773906.5381182,-41948027.15721269,-4140824.029397115,106621.96466889013,302.0862571878516,-3060.728028988165,-0.4662786169031065
2023-02-14 06:00:00.000000Z,0.0003329349476658,42166258.00359888,0.145325433565442,92.06264468159672,94.0738117172,29.600167229946663,0.016258844582871,-17.973307800407806,35775913.37583946,-34216766.62456789,-24620498.114349708,88979.24016624839,1795.8460976533274,-2496.6897582770284,-4.324130335464818
2023-02-14 08:00:00.000000Z,0.0003318950770223,42166524.13733368,0.1458145480792613,91.8979289219997,96.0207473531148,57.91205193310496,0.0101700256878589,-17.961336904808984,35780949.44873596,-17261294.891706675,-38463411.782637484,47146.96321636346,2805.1883527807045,-1259.8456839810124,-7.028958434524201
2023-02-14 10:00:00.000000Z,0.0003207234234541,42166171.82555725,0.1464911413633833,91.84513988971509,95.10431282726633,88.96668361938835,0.0009865562844067,-17.958064257296893,35787786.60637841,4346144.678613394,-41941340.95894239,-7653.542298634861,3058.3207700962416,315.9267569168075,-7.841340771551986
2023-02-14 12:00:00.000000Z,0.000308518935955,42165629.22350402,0.1469899169892451,91.90811377754346,91.96371931206922,122.11967145245772,-0.0087810429928294,-17.96483216396158,35794406.03613542,24783261.998483308,-34121981.694256075,-60630.55194247604,2487.732948994185,1805.893142704088,-6.532911699291416
2023-02-14 14:00:00.000000Z,0.0002983483575777,42165424.41717942,0.1471611717305147,91.97736765031748,88.28777127437269,155.79355506068472,-0.0163837032174086,-17.979777578919524,35798760.66510688,38547941.53236442,-17115414.309268445,-97432.77322852288,1247.680190204716,2809.1622513110306,-3.451657729662595
2023-02-14 16:00:00.000000Z,0.0002907149189842,42165636.63269356,0.1471650683603006,91.96055886045524,84.50699263728985,189.65456108946864,-0.0196281635432337,-17.99849200718477,35799584.09929296,41937036.91699661,4498157.077500358,-108048.35585826468,-327.95442983131954,3056.1797158218938,0.5733088719502253
2023-02-14 18:00:00.000000Z,0.0002894968227998,42166039.794647045,0.1472684457213714,91.85642861257922,80.83954668858127,223.49115650435516,-0.0175030297528615,-18.015605337763457,35796757.01667716,34038944.10574356,24901083.424810544,-89518.63919009069,-1815.4216453059923,2480.598846639039,4.457224864439537
2023-02-14 20:00:00.000000Z,0.0002963932369144,42166362.28110151,0.1476238990935233,91.7411881196556,78.42600266428455,256.0912203500757,-0.0104685058354492,-18.02645994930509,35791225.97824407,16977844.698932394,38600592.9767224,-46745.64362751784,-2814.526800803689,1236.9662737426672,7.151522329614974
2023-02-14 22:00:00.000000Z,0.000306560378163,42166375.230655305,0.1481652441946476,91.70322468246638,78.44075480711348,286.19464256598803,-0.0003463165625934,-18.02838485690095,35784629.347494125,-4654939.20420282,41905015.56423148,8811.35691470747,-3055.9352795014315,-340.37515443482096,7.925249058310461
2023-02-15 00:00:00.000000Z,0.0003122492141534,42165996.51536088,0.1486613428276171,91.77001566943558,80.91646554351827,313.7413839441576,0.0101553452379815,-18.02127808676265,35778754.133116424,-25033114.140231423,33919652.08037569,62202.42238696404,-2473.94742592287,-1826.6772388898376,6.562323737293681
2023-02-15 02:00:00.000000Z,0.0003113601362712,42165469.70902821,0.1489067237894172,91.87529670770002,84.80463313837187,339.8440028060682,0.0181578646822982,-18.007345535967985,35775007.605009995,-38663854.95420575,16792382.75373012,99002.23564888848,-1224.87214218755,-2821.07210470518,3.421563516972289
2023-02-15 04:00:00.000000Z,0.0003105355009344,42165311.96042674,0.148935022429372,91.90166690565448,89.14823547243304,5.573302109554646,0.0213830936741347,-17.990206613109304,35774142.99641517,-41870819.52746281,-4861816.155647256,109198.9609947792,354.6414636553765,-3055.053655823546,-0.6578240976763652
2023-02-15 06:00:00.000000Z,0.0003147666380735,42165802.124705695,0.1490575680859028,91.7908304882405,93.75816028632126,31.172604972621205,0.0187807385208873,-17.973947690887236,35776307.99573471,-33788792.49688115,-25205290.13088077,89909.54378921671,1838.475363145195,-2465.4106708616573,-4.580112459967304
2023-02-15 08:00:00.000000Z,0.0003175226545447,42166492.69806538,0.1495761251313145,91.63044980983098,97.7127101186764,57.47198279371524,0.0108563636793982,-17.96253465191175,35781153.35046098,-16598009.221402116,-38754479.98599201,46191.89869408989,2826.420043730044,-1211.4208191351129,-7.28568659668352
2023-02-15 10:00:00.000000Z,0.0003121460864847,42166626.89365281,0.1503907822441212,91.57744972181231,98.6978204046454,86.62528521652189,-0.0003893883024204,-17.95925825732507,35787710.99865512,5066063.949793963,-41860406.44899374,-10267.777061003406,3052.4596649203604,368.4541707336258,-8.035745082941498
2023-02-15 12:00:00.000000Z,0.0003050771977928,42166097.00657372,0.1510703574178719,91.66911025139416,95.87709723340102,119.4300792839026,-0.0119381861736022,-17.965663625108682,35794277.85682248,25365966.52535016,-33690891.74947936,-64266.14602945692,2456.3567886630294,1848.387900879288,-6.615837241221061
2023-02-15 14:00:00.000000Z,0.0003031061319729,42165483.15165303,0.151354368803393,91.7896948737978,91.32487935852852,153.92906483951444,-0.0205723572264642,-17.980446204215713,35798825.602814704,38836505.73868515,-16450281.390144711,-101184.78853455932,1199.2369453329004,2830.179072377085,-3.3998973305286238
2023-02-15 16:00:00.000000Z,0.0003036734955795,42165307.943257526,0.1513819846988525,91.81689515838276,86.82947242547642,188.4603910040751,-0.0237991591697551,-17.99945913947649,35799836.00832918,41853787.92598023,5218192.211743933,-110964.27040706675,-380.40838099078087,3050.064133482992,0.7490763769763771
2023-02-15 18:00:00.000000Z,0.0003055624944675,42165663.06587702,0.1514768635112809,91.73355652350958,82.49164980121338,222.94607809429849,-0.0205767020406128,-18.01706537303309,35796955.44660117,33606378.3126569,25482180.175967835,-90845.1068006556,-1857.764608203776,2449.0123126673634,4.713397292303712
2023-02-15 20:00:00.000000Z,0.0003121613116855,42166275.60240406,0.1518496111732958,91.62166684613165,78.75290794949454,256.8678094867888,-0.0116257296457636,-18.028099696658007,35791125.247102395,16312423.742791304,38886364.98680389,-46131.76269632042,-2835.376445028129,1188.4060200101417,7.422404269226066
2023-02-15 22:00:00.000000Z,0.0003221096990092,42166675.90183845,0.1524540574615329,91.58564140025248,77.13887585657653,288.5985080995938,0.0007451816861825,-18.02959532583872,35784203.107948005,-5374132.264334469,41818434.93010494,11215.16820137481,-3049.673357791652,-392.8653503186332,8.140485772778899
2023-02-16 00:00:00.000000Z,0.000325741619764,42166477.07484599,0.1530422696862094,91.66831034217024,78.47028105086264,317.2745332415953,0.013245245132154,-18.021633137504747,35778247.82934432,-25612352.557279512,33483784.89993143,65780.24335546064,-2442.223028972873,-1868.9691696633165,6.665991386150969
2023-02-16 02:00:00.000000Z,0.0003168877421539,42165745.66668896,0.1533690688227822,91.81265225586364,81.88644812071863,343.8108033764449,0.0224762766006464,-18.00698894469896,35774776.37846125,-38946864.08677525,16124494.059194423,102835.5805443208,-1176.2109302023136,-2841.734201621297,3.3875207971772783
2023-02-16 04:00:00.000000Z,0.0003030756566594,42165114.52559364,0.15342180694396,91.898426088723,86.20668438756286,9.504085410882135,0.0258443616299665,-17.989829088329003,35774373.61433312,-41781177.982220985,-5581639.824877182,112312.1051348925,407.0961326427792,-3048.482929964752,-0.8190707020612836
2023-02-16 06:00:00.000000Z,0.0002965526334793,42165285.4930787,0.1534957837834029,91.84567164539057,91.42671236946596,34.43448310026144,0.022266395855043,-17.974289691209492,35776834.15845371,-33350792.73591592,-25782898.209155355,91525.5200154138,1880.550136414612,-2433.396483012218,-4.825441181181253
2023-02-16 08:00:00.000000Z,0.0002971264293554,42166201.11544991,0.1539589092937713,91.71398492998154,97.29580635108046,58.78973957939375,0.0124920873418856,-17.96376012707514,35781569.27358223,-15929914.532168856,-39034299.62271954,45923.31431079209,2846.7923023165863,-1162.6299383260289,-7.552740207388563
2023-02-16 10:00:00.000000Z,0.0002953787277493,42166917.58559454,0.1548214209975404,91.66691647644696,100.95282152086014,85.26487075263603,-0.0010325776559585,-17.960819398364823,35787748.759705685,5784234.7136348495,-41767264.67458066,-12340.221850048589,3045.6814882158724,420.8768755383134,-8.259488126031943
2023-02-16 12:00:00.000000Z,0.0002925031940801,42166675.32393377,0.1556496331733168,91.78309590780928,99.5708400940827,116.60674040327032,-0.0147436048699997,-17.96688945123224,35794059.34836453,25940890.60352607,-33249958.88850636,-67626.43292003534,2424.259803545222,1890.348331597811,-6.742358282107467
2023-02-16 14:00:00.000000Z,0.0002982413973639,42165779.43576243,0.1560596989138693,91.96122403678083,94.66968416565771,151.39758535616616,-0.0248849222632965,-17.98120731169215,35798682.47230245,39113375.59495603,-15780270.104579585,-105002.16301630996,1150.4494476062623,2850.3823404146096,-3.397415591999588
2023-02-16 16:00:00.000000Z,0.0003094747463292,42165108.96123427,0.1561161730932065,92.05191404502916,89.63799479707811,186.40175007985889,-0.0285604424233376,-18.00017368633788,35799939.58562788,41758002.77781685,5936858.316589679,-114286.27494896448,-432.7461893290831,3043.0644503275166,0.8814880792142323
2023-02-16 18:00:00.000000Z,0.0003180019032412,42165216.95894191,0.1561750292746383,92.01137432179767,84.97648311477755,221.1679422092286,-0.0245822272765628,-18.01816429083573,35797171.89991486,33163741.31658373,26055984.42229789,-92833.95810914476,-1899.552211713132,2416.7028772748413,4.943358750622434
2023-02-16 20:00:00.000000Z,0.0003264735825881,42165991.86435757,0.1565129697620655,91.91704009760116,80.2872777894161,256.0222186979463,-0.0138404386920705,-18.029561669987125,35791175.76995628,15642127.52527788,39160856.013057165,-46283.83075826224,-2855.370965675122,1139.4888220566522,7.691447760857237
2023-02-16 22:00:00.000000Z,0.0003382364157827,42166802.69124114,0.1571240601193448,91.8852950495756,77.06183288991666,289.36017231757575,0.0009067033884571,-18.030935730352365,35783933.352451615,-6091654.280314308,41719680.69492283,12932.41815799905,-3042.491953813486,-445.2403146435231,8.3791973638879
2023-02-17 00:00:00.000000Z,0.0003434144070234,42166940.30295735,0.1577619424361214,91.97638257274885,76.89034242484365,319.5313416662333,0.0157566997012053,-18.02230743854625,35777784.83044592,-26183847.65074368,33038206.942671847,68916.286254804,-2409.770921867503,-1910.7100116351771,6.812732302563232
2023-02-17 02:00:00.000000Z,0.0003313594365979,42165779.44801811,0.1581501363799028,92.14896729553108,81.74183652865509,344.6048675570315,0.0267039112685191,-18.00683772059537,35774171.44242962,-39217934.06409522,15451841.184343284,106575.76308117964,-1127.165092808017,-2861.5910161477964,3.405250196777732
2023-02-17 04:00:00.000000Z,0.0003072474072112,42164743.20336044,0.1582223233242513,92.28919322200925,85.26670614674084,11.039812180610312,0.0307174894676496,-17.98892899809019,35773890.7962399,-41678398.492384285,-6300092.049774826,115698.2825393368,459.4981335134613,-3041.0475297297025,-0.9324557760494382
2023-02-17 06:00:00.000000Z,0.0002882151363496,42164430.07783024,0.1582274014027579,92.30279821000453,89.96914356778153,36.42177668847115,0.0265628875959467,-17.973053084815135,35776513.176555455,-32901530.91134196,-26353273.287182186,93711.5915827635,1922.1678871011884,-2400.647411399573,-5.037582661738981
2023-02-17 08:00:00.000000Z,0.0002816368316527,42165284.86219181,0.1585597676241078,92.21617939933095,96.7830499716954,59.787294671319685,0.0151514329494379,-17.962381761258182,35781169.57925415,-15255021.34516041,-39302535.57651132,46391.09347052966,2866.404061613669,-1113.3878404614445,-7.807395579284626
2023-02-17 10:00:00.000000Z,0.0002799324226354,42166515.26890489,0.1593515236923376,92.17904069510725,103.2958752118196,83.39723027096541,-0.0006594964090664,-17.958897799825365,35787017.74938156,6503116.211254932,-41660647.711826906,-13667.956030930574,3038.005130419624,473.3619824243265,-8.493295613575341
2023-02-17 12:00:00.000000Z,0.0002791550854112,42166816.87549467,0.1602426187549413,92.3060774310166,104.64507064445571,111.99828164114722,-0.0167565620256331,-17.963753115258616,35793086.249485224,26510175.80580094,-32796611.01268488,-70391.98984722252,2391.3321952163974,1931.954585720964,-6.900000345538282
2023-02-17 14:00:00.000000Z,0.0002893462348615,42165897.08348816,0.1607578222629996,92.53076431038616,100.3512877278318,146.1365762605837,-0.0288099019294084,-17.9766898544638,35797889.93553013,39379473.16539685,-15101740.504554776,-108510.64736340423,1101.0973314303624,2869.874445957499,-3.441952888019
2023-02-17 16:00:00.000000Z,0.0003106234363984,42164730.72930502,0.1608434289117498,92.69006743228142,95.02695886130552,181.36549549488345,-0.0334426556916156,-17.99492732050592,35799687.368453324,41648834.128383175,6658050.615841568,-117667.27026266,-485.2233504175081,3035.143636301233,0.9607531421523012
2023-02-17 18:00:00.000000Z,0.0003278886143388,42164394.59353997,0.1608438014304804,92.70669663710228,90.37207425070628,216.0676348457992,-0.0292053547335331,-18.013173657618754,35797431.268879615,32708510.446057267,26625604.79014057,-95248.59533158236,-1940.97926010176,2383.4950072199404,5.126782187807805
2023-02-17 20:00:00.000000Z,0.0003391941796233,42165131.14079592,0.1610946032702547,92.64177568471572,85.24946115534944,251.3250710281129,-0.0170340390472654,-18.025405680273234,35791569.32063531,14963469.181773411,39425581.7866418,-47136.40397996715,-2874.5764799205995,1089.961020301059,7.93243024651071
2023-02-17 22:00:00.000000Z,0.0003528702213388,42166286.203417055,0.1616458276161438,92.61587415946715,80.64017154724145,286.04037895385386,-4.2599522029782754e-05,-18.027427636413996,35784033.00476791,-6810951.867754518,41608404.4716848,13837.874238385555,-3034.3161938539088,-497.75191063504855,8.615763960321178
2023-02-18 00:00:00.000000Z,0.0003622898714633,42166863.50569114,0.1622734299021222,92.7050391687058,78.87715552278931,317.80509090451915,0.0172902949184305,-18.018706092369225,35777406.1039048,-26750079.30023916,32580945.11734247,71322.59850558975,-2376.403529602639,-1952.0925249561085,6.983907026070876
2023-02-18 02:00:00.000000Z,0.0003513182422861,42166309.11324631,0.1626867527300457,92.88706039616513,79.9177835877792,346.6808229296462,0.0303173005094185,-18.002460017977594,35773756.51358847,-39478656.5602582,14771788.558925282,109841.90952515582,-1077.5921771544097,-2880.677675808906,3.467839656157354
2023-02-18 04:00:00.000000Z,0.0003206274357871,42165034.46938706,0.162770683741097,93.06210552499928,82.01828774684562,14.505866564737198,0.0354766674295192,-17.983997581036586,35773808.906018905,-41563167.44423021,-7019651.01452524,118973.15570933752,511.9390117205276,-3032.6768689101536,-0.9920604299006086
2023-02-18 06:00:00.000000Z,0.0002892006888141,42164194.88921962,0.1627092944429543,93.13208244231492,84.97342235035214,41.578530851948,0.0312586570568123,-17.968351548817886,35776934.724050455,-32441458.58888586,-26918257.522730444,96166.99131838484,1963.2974306263015,-2367.0777503764066,-5.1998036965937935
2023-02-18 08:00:00.000000Z,0.0002702137810348,42164707.41185339,0.1628761716354984,93.09419142063248,90.9960867917408,65.68555084873113,0.0186207132848114,-17.958692071795287,35781876.65641557,-14574399.93693512,-39560730.113856405,47441.08018938049,2885.1284879716677,-1063.7143747758057,-8.02647308825891
2023-02-18 10:00:00.000000Z,0.0002608155114731,42166207.40091103,0.1634918032076315,93.06876921324948,99.510066062554,87.28150255161842,0.0007542619178284,-17.956322353366602,35787545.93459838,7220731.978689356,-41542817.00342342,-14228.590085479798,3029.330677671137,525.7306999784593,-8.712043191520882
2023-02-18 12:00:00.000000Z,0.0002575832450184,42167172.41053356,0.1643231869073284,93.18734535712034,104.47190138047154,112.27795199010188,-0.0177139027710093,-17.961601551041014,35793150.63406399,27071652.045303676,-32334778.790104333,-72364.8813194614,2357.637390581521,1972.945171452413,-7.065828820108841
2023-02-18 14:00:00.000000Z,0.0002693213927604,42166567.20508229,0.164882523384562,93.42962640084724,102.21484360138945,144.36229253239273,-0.0318863443572782,-17.97417354174537,35797658.68425866,39633826.29621571,-14420303.429598233,-111369.4880718294,1051.4430642994923,2888.4797897698013,-3.517636426185452
2023-02-18 16:00:00.000000Z,0.0002996781703589,42165063.35874487,0.1649897314471244,93.64107527772344,97.31486695307872,179.11520738276232,-0.0378760490922747,-17.991916648218158,35799560.80957093,41527623.346113965,7375644.010343141,-120691.2808237954,-537.4865887059266,3026.3473018087434,0.9911960587148496
2023-02-18 18:00:00.000000Z,0.0003287167400493,42164160.44624106,0.1649256858306199,93.7146885307702,93.16534975118311,213.25497397685916,-0.0338933858357721,-18.010182963611854,35797612.40432837,32244386.16541431,27186096.71407176,-97690.61345474503,-1981.76973910416,2349.660111210266,5.254352540812585
2023-02-18 20:00:00.000000Z,0.0003464346743931,42164620.911498845,0.165056172723521,93.68513917439128,88.31542074233387,248.20380603266236,-0.0208025017949953,-18.02296284871061,35791903.326458186,14281498.745267846,39678063.8588444,-48403.51615734322,-2892.9037434072884,1040.2142540400075,8.123988476797566
2023-02-18 22:00:00.000000Z,0.0003634809267093,42165956.72024919,0.1654883908424354,93.66635015215292,82.95790996832214,283.6596700476304,-0.0019483528916657,-18.02553812607607,35784195.03784135,-7527063.07395254,41485001.71624065,14033.935771721985,-3025.25532273654,-550.0107642781971,8.821623670950808
2023-02-19 00:00:00.000000Z,0.0003787713167971,42166983.042657785,0.166040608484377,93.7436028590883,79.86134539273654,316.7698240301739,0.0177092493737059,-18.01683672454073,35777206.140124924,-27307473.657252952,32114942.38673827,72890.63601649125,-2342.3900394283573,-1992.807569284189,7.150741322024714
2023-02-19 02:00:00.000000Z,0.0003735947435047,42166795.31378719,0.166432481556379,93.91322691270356,79.66389792206418,346.8966354221766,0.0329190247912556,-17.99998452200023,35773314.8992816,-39727096.67866553,14088650.269463524,112337.4054008728,-1027.7612786674877,-2898.882900270835,3.5531582569471905
2023-02-19 04:00:00.000000Z,0.0003425828062679,42165507.20415064,0.1665182069823516,94.09483918009366,80.46378448771799,16.01650850434986,0.0395582113847983,-17.980742246515955,35773485.38940333,-41435504.697118014,-7735851.8246898,121721.99206774324,564.1658560091586,-3023.438198361652,-1.007989397096884
2023-02-19 06:00:00.000000Z,0.0003038491439242,42164237.26216637,0.166414244795006,94.19727635688076,81.37356870613763,45.10233373502756,0.0357542185345748,-17.964823958877204,35777055.36598705,-31972020.93799635,-27474359.441441283,98453.7250614022,2003.8081866750736,-2332.873949995941,-5.308494680764484
2023-02-19 08:00:00.000000Z,0.000274270608804,42164231.75203981,0.166433829613203,94.19903748963378,84.94615676289457,71.6191787536803,0.0223953919446239,-17.955763001971714,35782445.27771125,-13889893.667430451,-39806823.276144646,48706.16153131713,2902.9805597963677,-1013.801824226632,-8.194387924385662
2023-02-19 10:00:00.000000Z,0.0002535443839808,42165664.58031806,0.1668250550980408,94.18496658064456,93.07804141053026,93.58474690597704,0.0029014614511554,-17.954520770648354,35788193.32494355,7935681.266375691,-41412850.33646324,-14244.85280184877,3019.7503798894318,577.8664491965587,-8.89181316886317
2023-02-19 12:00:00.000000Z,0.0002413386720723,42167190.18109365,0.1674834546521566,94.27845217342036,101.0292283417329,115.61611658821202,-0.0176612555005209,-17.960619875195782,35793450.91980093,27624589.28630801,-31864078.218553957,-73576.83912956779,2323.258423778398,2013.2819750539288,-7.211349842082652
2023-02-19 14:00:00.000000Z,0.0002483540889199,42167184.369104624,0.1679968146449907,94.49883023220978,102.14333927376715,144.35119822028403,-0.0338747475536872,-17.973185663313608,35797556.407821365,39876146.101918064,-13735691.678996988,-113401.76248142729,1001.5255870342608,2906.196508791816,-3.595929522564487
2023-02-19 16:00:00.000000Z,0.0002821342471699,42165655.29392872,0.168108593907191,94.7243703603114,98.72905827979692,177.6047997721324,-0.0413676307756931,-17.990454549115103,35799404.28114362,41394240.98470358,8089911.805394958,-122995.3900274336,-589.5261619701797,3016.675583511263,0.99482875321904
2023-02-19 18:00:00.000000Z,0.0003217905704864,42164212.889634125,0.1679978673661277,94.83603785566046,95.63486768197215,210.65134730654933,-0.0379968785152416,-18.00855773038203,35797747.15710905,31771286.18145937,27737711.539835453,-99682.25209800922,-2021.9166206200316,2315.1927842670475,5.3351094520906726
2023-02-19 20:00:00.000000Z,0.0003475800799384,42164193.2231899,0.1680103258097432,94.83886989452836,91.71349225003055,244.63874520919657,-0.0244868088920323,-18.021835940672474,35792329.34354933,13596217.946943954,39918524.88025639,-49600.67978123221,-2910.3362325312305,990.2483031373096,8.258741581894
2023-02-19 22:00:00.000000Z,0.000368192565133,42165478.81504355,0.1682929405701866,94.82777076787102,86.3048396594525,280.1372448727609,-0.004300747928757,-18.02522789006428,35784603.770211466,-8239852.188768877,41349744.28072072,13895.041110454247,-3015.2912016830574,-602.0028449295977,8.974132656323487
2023-02-20 00:00:00.000000Z,0.0003891689803651,42166854.07650004,0.1687181348596154,94.8864926781604,82.27073737633245,314.202983818302,0.0172478889023827,-18.01701121221762,35777272.68333655,-27855799.883476656,31640599.44089156,73792.13884697299,-2307.723323711623,-2032.8368176098245,7.280750315033925
2023-02-20 02:00:00.000000Z,0.0003924431827693,42167117.655421056,0.1690431090167764,95.02504829862404,81.11662776727374,345.3177722945811,0.03440987833661,-17.99991317830421,35772972.40614871,-39963250.51289884,13403045.86208102,113989.39815043402,-977.7091477290608,-2916.1833862300555,3.6271328706365207
2023-02-20 04:00:00.000000Z,0.0003665801682567,42166037.74734333,0.1691185569448233,95.1844539260862,81.08349127637064,15.2936817772095,0.042555326242722,-17.979863596344906,35772990.52637412,-41295686.71120381,-8447989.190688858,123646.41903282765,616.1405193412007,-3013.3326229316035,-1.0074924770954168
2023-02-20 06:00:00.000000Z,0.0003263244350461,42164539.48695585,0.1690062769916494,95.28959882484833,80.5780637543981,45.79274774881077,0.039436367866069,-17.96320719794329,35776806.42456297,-31493712.47419108,-28020979.719599493,100122.04070599776,2043.6814556093211,-2298.0628630763485,-5.377702750630981
2023-02-20 08:00:00.000000Z,0.0002911712530126,42163999.90534376,0.168938211719333,95.3131433904619,81.50001165346082,74.93848927037716,0.0258011874059422,-17.954105553107727,35782669.340348095,-13202016.54902018,-40040453.052873775,49691.68612225589,2919.973675436992,-963.685442669237,-8.309541144918402
2023-02-20 10:00:00.000000Z,0.0002619848703664,42165069.55138412,0.169130068697334,95.30786969205194,87.12599237995671,99.40041600170942,0.0051951219635356,-17.953611730670467,35788734.01198217,8647630.16609018,-41270610.64830443,-14147.541987429784,3009.2967461939243,629.7436104013399,-9.01697238981689
2023-02-20 12:00:00.000000Z,0.0002379297846776,42166858.98004471,0.1695609135836443,95.3691156976388,95.54763057457832,120.992640701496,-0.016977935409597,-17.96064511067494,35793886.37203268,28168882.88295933,-31384519.60449985,-74306.48833496621,2288.223437152268,2052.9482786745284,-7.310563803187178
2023-02-20 14:00:00.000000Z,0.0002336076900731,42167538.62110175,0.1699461734382633,95.5339578021825,99.87985488202708,146.5647840819003,-0.03486578346616,-17.973572295626383,35797621.399302095,40106489.196060285,-13048025.52345798,-114674.3023800204,951.3620471141372,2923.0107487964947,-3.644810408896492
2023-02-20 16:00:00.000000Z,0.0002626521933334,42166346.64068096,0.1700388666312363,95.72547947517076,98.91734811982154,177.40092691267094,-0.043687664459523,-17.990543646956596,35799273.33762807,41248840.32549259,8800661.079869311,-124411.020338253,-641.332116464737,3006.1236572643325,1.0037960444141352
2023-02-20 18:00:00.000000Z,0.0003079688182805,42164574.27626771,0.1699188780973036,95.8400845350438,97.41835093440568,208.84963681734547,-0.0410016612308519,-18.008352312606462,35797810.10216523,31289401.009731565,28280270.99629069,-100845.7829556198,-2061.4204497508704,2280.1013937399,5.39367872132902
2023-02-20 20:00:00.000000Z,0.0003417176187725,42163986.83088471,0.1698569764239229,95.86183605624174,94.96980493724924,241.34495961674796,-0.0273975349400423,-18.02195582036057,35792755.26988798,12907766.634842211,40146870.2734577,-50221.24863310388,-2926.886916285276,940.0760580607736,8.34696787415611
2023-02-20 22:00:00.000000Z,0.0003660044849655,42164986.74106328,0.1700020028113298,95.85734549632572,90.23182874950598,276.1652753353532,-0.0063956527509445,-18.02624684693155,35785186.748890474,-8949295.128170475,41202618.75113768,13938.74615780106,-3004.441156613924,-653.7188886509485,9.065890897616386
2023-02-21 00:00:00.000000Z,0.0003912728668884,42166521.27504952,0.170279307879265,95.89570534779972,85.78486557584424,310.6633632702688,0.0164551099178517,-18.01890495554093,35777629.84265876,-28395148.73268548,31157963.13074783,74430.74585092449,-2272.4174854713074,-2072.171660456518,7.350349483084757
2023-02-21 02:00:00.000000Z,0.000403286025231,42167211.34358383,0.1705067127679549,95.99217121955304,83.98882266237003,342.46194333391924,0.0350510377952622,-18.002038988942733,35772858.74606949,-40187305.52082241,12715097.086102478,114990.34466681854,-927.4497192343964,-2932.5670545419034,3.655969320861643
2023-02-21 04:00:00.000000Z,0.0003859839092403,42166493.17356757,0.1705609845401315,96.10772537369496,83.5728625833671,12.865102116254814,0.044382896615345,-17.981414797526867,35772488.85339207,-41144014.97432935,-9155858.467674509,124684.66581622788,667.8452921003204,-3002.3511561395726,-1.0258548571050194
2023-02-21 06:00:00.000000Z,0.0003488345294978,42165002.75461524,0.1704717872006099,96.18898326174956,82.50027019998666,43.95618496598133,0.0419034808933794,-17.963792320453837,35776274.99650864,-31006952.57512528,-28557891.475201584,100877.6693815022,2082.90472646122,-2262.648086915753,-5.435381064530921
2023-02-21 08:00:00.000000Z,0.0003124946564618,42164061.53884882,0.1703902393294512,96.21399723019078,81.65608656811716,74.86723840613513,0.0282257095092267,-17.954040064155958,35782481.01531187,-12511211.164060198,-40261455.65383879,49948.36210563991,2936.115700922036,-913.3769688380274,-8.386336346355623
2023-02-21 10:00:00.000000Z,0.0002803614964161,42164617.45662266,0.1704611064896144,96.21325311426854,84.39040350313762,102.21617169054424,0.0069587911709758,-17.953673972999027,35788978.693271905,9356269.330148002,-41116002.50223306,-14433.341322504952,2997.9967350128163,681.3568650882985,-9.08638952783006
2023-02-21 12:00:00.000000Z,0.0002482835694266,42166313.04414649,0.170687100490658,96.24582563027036,90.93196090332836,125.716445585236,-0.0162590270111728,-17.96141307909363,35794285.98338527,28704427.27102184,-30896010.93220955,-74991.09354690308,2252.5584268582274,2091.946843335864,-7.34868752161008
2023-02-21 14:00:00.000000Z,0.0002302165629643,42167522.83996479,0.170908083697254,96.34094807472748,96.44844148324948,150.1734889306001,-0.0352561888372513,-17.97490401544026,35797807.03573033,40324887.020533785,-12357200.574156294,-115478.8948075647,900.9639289094436,2938.9213816628167,-3.639279452413607
2023-02-21 16:00:00.000000Z,0.0002469972910429,42166919.43793158,0.1709635254972546,96.46017202353526,97.82158636502656,178.74633167458555,-0.0449550637097561,-17.991821106859316,35799195.07161882,41091487.94013389,9507961.242536644,-125025.7906499864,-692.905235867391,2994.6839653404454,1.0490327419493637
2023-02-21 18:00:00.000000Z,0.0002903347830674,42165147.032011256,0.1708782037915244,96.5386407331206,98.16596662882436,208.3881487148093,-0.0427186908729105,-18.009280671365147,35797779.10995581,30798756.407541763,28813786.508120105,-101042.20587083542,-2100.2918165556857,2244.377974812077,5.460932450691068
2023-02-21 20:00:00.000000Z,0.0003293322255133,42164070.660408586,0.1708144176400612,96.55870056026066,97.51713378890524,239.08539388939477,-0.0290734575722237,-18.02293972829362,35793064.363777734,12216060.442375047,40363047.44047321,-49925.819786315886,-2942.5749148354107,889.686478540967,8.41227339557577
2023-02-21 22:00:00.000000Z,0.0003571129383606,42164620.44962247,0.1708751230838683,96.55759776011216,94.0743610594746,272.6063793162561,-0.0076027000477378,-18.02796985929776,35785793.35456596,-9655613.947476132,41043463.89138286,14628.980887558802,-2992.7218609766387,-705.1780069695311,9.107103836509738
2023-02-22 00:00:00.000000Z,0.0003849956984905,42166088.56458911,0.1710222241120967,96.57834328534535,89.82493531438219,306.92350390888384,0.0159822287084794,-18.02166864609732,35778195.168744124,-28925812.769972045,30666725.11738817,75285.80643132272,-2236.4742923047143,-2110.8312831111075,7.353534175540668
2023-02-22 02:00:00.000000Z,0.0004042134724262,42167083.00480664,0.1711457062009492,96.63109688067448,87.73208889541742,339.06193646251097,0.0353598098287897,-18.00546628417822,35773026.12536101,-40399515.64297784,12024404.209303709,115721.04427146616,-876.9724470561277,-2948.038031491045,3.618931276730235
2023-02-22 04:00:00.000000Z,0.0003966038260461,42166779.73705622,0.1711739968979819,96.69272089211609,87.25038466770835,9.584927583744982,0.0453043097256979,-17.984683771501153,35772152.52265369,-40980668.93370546,-9859819.813168213,125030.86551195844,719.2878621966195,-2990.479858561802,-1.093034485058044
2023-02-22 06:00:00.000000Z,0.0003657185477024,42165497.32294456,0.1711291962913678,96.73309460117396,86.23580358243667,40.65975473313683,0.0431117182371006,-17.966189244399164,35775659.91547026,-30511902.83179067,-29085326.896953285,100688.89433251688,2121.4757209211075,-2226.610699093702,-5.512952316009343
2023-02-22 08:00:00.000000Z,0.0003310580453153,42164362.93398042,0.1710961409524629,96.74344870007648,84.63922662786372,72.3388544828069,0.0293424428622096,-17.955443461255285,35781986.810688816,-11817663.788369846,-40469944.867810085,49236.59646901599,2951.4045236750794,-862.8629017526441,-8.449947356377598
2023-02-22 10:00:00.000000Z,0.0002997300637531,42164422.67842744,0.1711378609929458,96.74268495272632,85.18707350053013,101.87473627052832,0.0076725046621409,-17.954618686715207,35788882.59517004,10061434.405458003,-40949051.75277174,-15484.207751844231,2985.858968433044,732.7187304969842,-9.113822620240075
2023-02-22 12:00:00.000000Z,0.0002659006567094,42165756.21914593,0.1712358865663338,96.75674268168989,89.13777591411144,127.98410638273076,-0.0160964425203643,-17.96263170832602,35794517.653688446,29231144.410157256,-30398473.82488184,-76065.6808400496,2216.276431420685,2130.2937560249384,-7.326713117047675
2023-02-22 14:00:00.000000Z,0.0002380090821982,42167184.582298346,0.1713151656424594,96.79076696630376,93.68545895779098,153.47050094913882,-0.0355905177504866,-17.976667144597496,35798026.52308505,40531331.29146262,-11663037.616162704,-116215.909127454,850.3362462753978,2953.9379595165647,-3.5690586655043584
2023-02-22 16:00:00.000000Z,0.0002396171879222,42167206.61021267,0.1713314313335298,96.82511807473384,95.96257146795789,181.22409163665176,-0.0455668805446026,-17.99374104045459,35799171.304228745,40922177.27945093,10212006.826500632,-125131.67775101268,-744.249458982001,2982.350963197578,1.1499371350473837
2023-02-22 18:00:00.000000Z,0.0002736170907637,42165757.06934662,0.171315888481535,96.84035754952426,97.69134021331072,209.5450680617794,-0.0433217332004504,-18.010881444463607,35797656.37209516,30299296.89627489,29338372.02600041,-100399.16620239436,-2138.5402386931823,2208.006909116065,5.562472502328914
2023-02-22 20:00:00.000000Z,0.0003129628695651,42164410.591777325,0.171325645206398,96.83884039583052,98.82911355135434,238.47751395535244,-0.0294267489216724,-18.02431044020035,35793169.84727859,11520957.116795056,40567034.65968674,-48649.415063371474,-2957.4143789020263,839.057274758788,8.481598157253435
2023-02-22 22:00:00.000000Z,0.0003431154990053,42164469.17453673,0.171378501925443,96.83692620782404,97.0995383351071,270.2857354676424,-0.007588597513421,-18.029718591068985,35786255.06269579,-10359049.922054362,40872066.00955202,16211.365878639468,-2980.1444365622974,-756.411335320742,9.119945696726566
2023-02-23 00:00:00.000000Z,0.0003721693925056,42165676.38519239,0.171444304284612,96.84607857687068,93.66439798696769,303.7992507202838,0.0163334500388666,-18.02433468120504,35778805.70378161,-29448061.06426476,30166432.17678949,76728.49721467703,-2199.88855241746,-2148.848714442425,7.302206195071057
2023-02-23 02:00:00.000000Z,0.0003960868922757,42166795.65198953,0.1714831551676982,96.86246778526402,91.6771506793692,335.86755642467506,0.0358937626089337,-18.009024303910962,35773415.52280043,-40600043.44860847,11330324.697168125,116591.61475022124,-826.2544667771939,-2962.61271033559,3.514708151660177
2023-02-23 04:00:00.000000Z,0.0003973953508245,42166864.84784705,0.1714888482932336,96.87215866161482,91.35752889645968,6.280125035348253,0.0457998710417624,-17.988514563494732,35772071.42468524,-40805631.01203872,-10560535.606045129,125038.06778613463,770.4917136388168,-2977.7075915668674,-1.2231423834529482
2023-02-23 06:00:00.000000Z,0.0003744609458306,42165912.27562199,0.1714982160871932,96.86663732786084,90.75663248833284,36.98769716708146,0.0433550240275304,-17.969485090928032,35775161.062861726,-30008431.973924767,-29603793.551338937,99771.6542373391,2159.400870662296,-2189.921873226554,-5.633497032954552
2023-02-23 08:00:00.000000Z,0.0003434854429401,42164795.1060174,0.1715510555642505,96.85395973939026,89.15899830106163,68.69187692021474,0.0291992018739317,-17.957748291891104,35781390.91614187,-11121260.85682609,-40666215.53153657,47591.406186271626,2965.8307951052025,-812.1155110186602,-8.526467172613538
2023-02-23 10:00:00.000000Z,0.0003145910436558,42164520.43028794,0.1380637556734024,97.41238413865295,87.97198835899786,99.40422960120874,0.0131243958741523,-17.95612058924177,35788546.78610838,10763174.73801183,-40769880.06869695,-13044.783356053073,2972.879245500933,783.8501547016012,-7.347475394779274
2023-02-23 12:00:00.000000Z,0.0002833541047002,42165378.289310805,0.1381234459786675,97.42161646344704,89.64943630712679,127.79182726927108,0.0048922787994151,-17.963977544137585,35794560.6781032,29749074.798862413,-29891891.17244325,-61807.62148952692,2179.37891501625,2168.007215273656,-5.884942522546305
2023-02-23 14:00:00.000000Z,0.0002522762626633,42166711.373136885,0.1381207482429036,97.41734704665886,92.29908614924526,155.21416222712014,-0.0046696885692804,-17.978397783866754,35798231.63261955,40725878.52366774,-10965403.061910968,-93942.47152769189,799.4810028872084,2968.073115661844,-2.8348399242282207
2023-02-23 16:00:00.000000Z,0.0002415687418227,42167199.57184485,0.1381111151460681,97.37379894971716,93.8950106125725,183.72652894282163,-0.0129433686020926,-17.99578947325191,35799227.302341215,40740973.01366333,10912974.970447209,-100770.01014974552,-795.3640927938724,2969.123467130963,0.982815295955433
2023-02-23 18:00:00.000000Z,0.0002625327873573,42166265.6036692,0.1381780275692375,97.30910668783838,95.81767343061424,211.9337151309853,-0.0176602288379561,-18.01276595747216,35797522.48822885,29791093.986433905,29854153.889623743,-80422.15019075139,-2176.1645496996607,2170.9769819017047,4.539443006113668
2023-02-23 20:00:00.000000Z,0.0002969468856535,42164927.25432265,0.1383124285893394,97.26617795834396,98.19777081025708,239.66562478738865,-0.0175341232546707,-18.025820231291284,35793111.032045424,10822528.374205483,40758871.04023667,-38360.48368979984,-2971.407413141182,788.1762362099637,6.874761037615264
2023-02-23 22:00:00.000000Z,0.0003271161007604,42164577.31095948,0.1384316425997982,97.25886041298465,98.28241535096228,269.66501769353937,-0.0126109366507934,-18.03123378966423,35786516.439561486,-11059568.31392967,40688373.645306334,14085.476870747138,-2966.716666210032,-807.4325260725567,7.356907180347553
2023-02-24 00:00:00.000000Z,0.0003558930194733,42165404.29312374,0.1384800788294121,97.26593497834496,96.1763951435595,301.8508594746445,-0.0042448569839732,-18.026472627043336,35779344.42731403,-29961915.44682841,29656920.32384498,62768.99452629748,-2162.666464650323,-2186.241205841543,5.85335114649803
2023-02-24 02:00:00.000000Z,0.0003818414752561,42166467.57235072,0.1384700030391367,97.25820907303306,94.73221718607608,333.3992961402103,0.0052746891041693,-18.01207546197678,35773932.73537526,-40788924.52077663,10632576.425975213,94540.7049101345,-775.2930120661297,-2976.3048129899007,2.767458765602772
2023-02-24 04:00:00.000000Z,0.0003899907581236,42166801.38061766,0.1384622487806616,97.22104036016306,94.78900875765147,3.4817083506932702,0.0133432591516157,-17.992175122117484,35772250.048238315,-40618895.77877431,-11258342.368220534,100802.04258034288,821.4635869724341,-2964.0350075829124,-1.069058415437779
2023-02-24 06:00:00.000000Z,0.0003752189262819,42166213.48859936,0.1385235766674115,97.16463136674736,94.7993076902053,33.629080671342244,0.0177494771339168,-17.973046074224076,35774901.00149533,-29496508.542588398,-30113588.667030204,79837.16477249103,2196.6790666459424,-2152.57185662072,-4.620356453398316
2023-02-24 08:00:00.000000Z,0.0003492950758486,42165274.22905859,0.1386718352730365,97.11966006676896,93.68219215767463,64.88576942385319,0.0172812406260673,-17.960576784645323,35780882.04033041,-10422017.016881172,-40850496.41670831,37283.87977113856,2979.3839765089515,-761.1277183615631,-6.927038330775854
2023-02-24 10:00:00.000000Z,0.0003234561074642,42164785.77442332,0.1388432809645677,97.1109783456494,92.40359863506688,96.25765496756244,0.012062094750634,-17.958100085236918,35788131.003742255,11461358.493406074,-40578703.55238452,-15387.560849818452,2959.0327239583007,834.7473005574188,-7.365810788069143
2023-02-24 12:00:00.000000Z,0.0002965159470077,42165191.86596058,0.138932173236605,97.1247978014942,92.37910395730492,126.34300244575245,0.0035248080587085,-17.96556296170884,35794461.755461305,30257965.148042813,-29376513.388799,-63968.74133630749,2141.8581950876705,2205.0837980324145,-5.816722893231896
2023-02-24 14:00:00.000000Z,0.0002676152644583,42166215.66835085,0.1389078022463677,97.10578355018096,93.07438455390992,155.73426441022116,-0.0059719039679059,-17.980170246893383,35798365.502529375,40908281.67762614,-10264539.159817647,-95338.06632188158,748.4062320812748,2981.332865998286,-2.694612314113463
2023-02-24 16:00:00.000000Z,0.0002505126019894,42166918.52961577,0.1388909063230859,97.0128670552386,93.19332093838597,185.7726544545092,-0.0137875257698368,-17.997894763940156,35799291.280000515,40547714.9807316,11610687.59604267,-100993.06344909164,-846.2342928909679,2955.011618921074,1.1614374057722698
2023-02-24 18:00:00.000000Z,0.0002593776103963,42166522.83614482,0.1390340182630691,96.88362781452736,94.09664889989988,215.06380251965012,-0.0177408366203557,-18.0147908850922,35797337.018979795,29274101.550767157,30361015.95423021,-79354.7447554104,-2213.148628332984,2133.294530140648,4.711288255030236
2023-02-24 20:00:00.000000Z,0.0002854634333332,42165435.47068912,0.139311143380987,96.80008411500891,96.6908694629408,242.62272256693183,-0.0167361767713418,-18.02732654995184,35792830.80636873,10120833.85115552,40938465.234526746,-36221.141078745655,-2984.541570509292,737.0436337770802,6.993501797410965
2023-02-24 22:00:00.000000Z,0.000312726349841,42164844.23566525,0.1395488178672426,96.7879638725538,98.27762458349297,271.1252400078295,-0.0110712474383758,-18.03230800473392,35786444.16822043,-11757041.25899694,40492265.982049726,16777.886609679917,-2952.431620243852,-858.250772859716,7.387580061924128
2023-02-25 00:00:00.000000Z,0.0003395212205921,42165262.10077639,0.1396372945890203,96.80153909412216,97.8091003711055,301.6669679167672,-0.0023358948621467,-18.02766434925781,35779605.95100845,-30467198.552047502,29137962.1183377,65319.987340455365,-2124.799448420641,-2223.028514494653,5.783615913823314
2023-02-25 02:00:00.000000Z,0.0003648999539485,42166122.280415095,0.139615526918336,96.7849683352354,97.3326682409714,332.2558780787954,0.0070423001179169,-18.013892712126136,35774366.54147354,-40965886.8680783,9930780.472607397,96265.79592789912,-724.0698900483131,-2989.133850754296,2.612556401006225
2023-02-25 04:00:00.000000Z,0.0003771016672449,42166584.58543633,0.1396049815380406,96.71868710784094,97.98297250259036,1.773218884359747,0.0144669018670011,-17.994663309826798,35772554.10621202,-40420037.034796506,-11953707.447065366,101217.54950644884,872.225787091948,-2949.464802944828,-1.269853780571243
2023-02-25 06:00:00.000000Z,0.0003694546116251,42166328.15388141,0.1397114177582815,96.6272788693962,98.70053050851928,31.248103985588163,0.0178814993517191,-17.975761420176692,35774871.057687014,-28975582.83612644,-30615118.45876896,78798.46836465827,2233.31928562547,-2114.541746765464,-4.814328640671968
2023-02-25 08:00:00.000000Z,0.0003492884874777,42165662.78000006,0.1399487432159591,96.55961565559991,98.31695785670182,61.79430862963171,0.0163329027870639,-17.962925392940594,35780560.77947298,-9719404.095640592,-41023014.94434437,35031.6507905998,2992.0487565055364,-709.8717024521411,-7.062371801246442
2023-02-25 10:00:00.000000Z,0.0003269082030134,42165154.989110544,0.1402175822252598,96.5492920931048,97.0626359187506,93.14423313446449,0.010235904442522,-17.959780418007647,35787769.5525296,12156376.428248797,-40375560.09651942,-18285.68623153579,2944.304456708942,885.4339267251049,-7.405617155898155
2023-02-25 12:00:00.000000Z,0.0003044801007799,42165214.06595924,0.1403737818003053,96.57648329441103,95.92698952897452,124.32782137848274,0.0012674027881421,-17.966782880667672,35794314.36016107,30758076.03239578,-28852243.49866541,-66765.28552124552,2103.694900035933,2241.537570370418,-5.749082525355269
2023-02-25 14:00:00.000000Z,0.0002807915309573,42165837.56496001,0.1403725815062381,96.5687793050168,94.9758257740792,155.3541710033273,-0.0080821565963648,-17.981436627260457,35798461.22423462,41078670.43054664,-9560272.268050708,-97301.34627726396,697.0956355193327,2993.7248350800155,-2.5356906909531824
2023-02-25 16:00:00.000000Z,0.000263177653473,42166515.8330132,0.1403627522878923,96.46662641525415,93.55996539260234,186.93626028245995,-0.015186449739505,-17.999494783291762,35799394.85682765,40342437.35580142,12305349.228115158,-101597.11947456472,-896.869590526409,2940.015962156866,1.371998221234623
2023-02-25 18:00:00.000000Z,0.0002639974209676,42166548.33143328,0.1405578729898213,96.30599334870035,92.83848865938774,217.88354031310976,-0.018020972950125,-18.01645719851083,35797196.162829146,28748323.241441723,30859139.477336843,-78413.91153872095,-2249.490965666323,2094.9533711044714,4.920570658342938
2023-02-25 20:00:00.000000Z,0.000281466058915,42165860.94041067,0.140959160986541,96.1942034144404,94.4989315988959,246.4049541186156,-0.0157584152401506,-18.028523087623984,35792471.64190106,9415922.690925729,41105954.32464474,-33941.58282922411,-2996.807152794573,685.6550179591842,7.147711828939125
2023-02-25 22:00:00.000000Z,0.0003036510231062,42165224.47223154,0.1413350101571602,96.18043029042468,96.80940896758294,274.1860648638976,-0.0090232516608231,-18.03284235802781,35786149.005171314,-12451354.093571942,40283872.7281655,19837.8106989394,-2937.2827774989546,-908.8638508458562,7.44484561854554
2023-02-26 00:00:00.000000Z,0.0003265184630162,42165282.694514334,0.1415052585714429,96.21004039927608,97.91229477150874,303.14064218741265,0.0002914680204324,-18.02790481755349,35779615.77233979,-30963783.686599568,28609710.6374215,68380.30534965948,-2086.2907215303053,-2259.207908348,5.725926292250112
2023-02-26 02:00:00.000000Z,0.0003487865843813,42165845.82359698,0.1415043781376127,96.20356326696452,98.67344764810991,332.4815832935955,0.0095725746500124,-18.01442361473821,35774664.749905534,-41130848.9176862,9225088.37161493,98524.93604111248,-672.5929174956294,-3001.1034953128083,2.4523284936827365
2023-02-26 04:00:00.000000Z,0.0003619646413183,42166302.27188316,0.1414989243524816,96.13049881194058,100.10777078049696,1.2210811997396482,0.0162205316404299,-17.99580113103415,35772906.026610926,-40209021.27385408,-12646525.93583138,102068.8013195365,922.7735947541468,-2934.0053732866486,-1.4920603505626882
2023-02-26 06:00:00.000000Z,0.0003594935457621,42166302.28553496,0.1416365957714259,96.022198463661,101.6044149240886,29.93332689681582,0.0183661887577209,-17.97734437163472,35775027.46267088,-28445640.66229509,-31108338.393426105,77998.35834175872,2269.320318838492,-2075.8393293869844,-5.040500123161827
2023-02-26 08:00:00.000000Z,0.0003449182075761,42165945.81699058,0.1419421913840982,95.9415317616776,102.10319026350231,59.6102097669341,0.0153840169213547,-17.964485817131248,35780447.66685722,-9013416.680363731,-41183777.228501,32770.75326570528,3003.8234022444835,-658.3542485051487,-7.232758376521527
2023-02-26 10:00:00.000000Z,0.0003262083076422,42165547.78958159,0.1422987554484168,95.93253579005466,101.28457944594392,90.5235021187623,0.0080667192056626,-17.960934837914085,35787531.976610385,12848204.212156724,-40160513.31223594,-21429.649303229184,2928.686759860896,935.9003109005812,-7.474935327560747
2023-02-26 12:00:00.000000Z,0.0003079075333346,42165393.05282363,0.1425333966407036,95.97737877165083,99.57093049499908,122.26783884940122,-0.0015840073149061,-17.967540062904547,35794184.55225365,31249345.73678969,-28319219.604320783,-69979.49800295729,2064.8873212816266,2277.3585907628967,-5.698820375971492
2023-02-26 14:00:00.000000Z,0.0002905130599812,42165620.93963969,0.1425775344725054,95.99681513286068,97.37323018813356,154.51361167315403,-0.010893092412808,-17.982166857858576,35798540.89993352,41237001.713628046,-8852790.383127686,-99753.25735742004,645.5558575897153,3005.246220580579,-2.378937790923627
2023-02-26 16:00:00.000000Z,0.0002766430630456,42166102.46922873,0.1425791262787437,95.91595189402264,94.71317207307872,187.3182973959701,-0.0172355625983679,-18.000536353345364,35799535.35359394,40125166.76074289,12996788.061363794,-102652.39835931,-947.2578542218196,2924.143496233165,1.594675400659982
2023-02-26 18:00:00.000000Z,0.0002741506889465,42166391.74686452,0.1427932822171401,95.75615115448512,92.44109848446334,219.81514587624093,-0.0187677618939806,-18.01769461906713,35797132.80869432,28213886.06431601,31348428.41545895,-77796.3609849065,-2285.176078944472,2055.967041010412,5.152538022031094
2023-02-26 20:00:00.000000Z,0.0002851610278393,42166145.156040944,0.1432751664155191,95.63302253069529,92.46609978145942,249.98366981397228,-0.014975885412945,-18.029430916249463,35792120.84886036,8708036.68677732,41261358.83435036,-31798.131971543145,-3008.188988598324,634.0293766577504,7.330413520510329
2023-02-26 22:00:00.000000Z,0.0003019033529216,42165642.250307925,0.1437780563513239,95.6215826449768,94.50960371911228,278.03015050959505,-0.0068644566542678,-18.03302102676013,35785723.18272351,-13142185.430154003,40063369.05300642,22972.25499939516,-2921.2649565831925,-959.2486562413304,7.531181369184173
2023-02-27 00:00:00.000000Z,0.0003193948889207,42165444.45104391,0.1440505688984169,95.67354628983844,96.69989838780243,305.8755545240032,0.0033104626530261,-18.02749491692648,35779412.35543568,-31451370.56501779,28072497.48500195,71709.04047406212,-2047.1514612310525,-2294.76101987588,5.692022385258809
2023-02-27 02:00:00.000000Z,0.000336257425554,42165671.02124407,0.1440923955119544,95.69214744744886,98.7026366312976,333.94987598076347,0.0126887416638322,-18.013969718466765,35774794.9760754,-41283636.30315645,8515915.025031108,101187.77895833654,-620.8840936683803,-3012.210060604771,2.305109236522896
2023-02-27 04:00:00.000000Z,0.0003473510019411,42166006.25474871,0.1440947337862854,95.63180474135623,101.01591805355784,1.7972492475402984,0.0186205159558728,-17.99579143974268,35773230.05252472,-39985836.11811419,-13336415.157264171,103367.76662917076,973.0858357038948,-2917.668611639454,-1.7153412464895652
2023-02-27 06:00:00.000000Z,0.0003475685751291,42166167.704870105,0.1442457462869369,95.523372183556,103.32892997353136,29.692723054895765,0.0194071471400561,-17.97787071905677,35775298.18941789,-27906795.68077804,-31592987.088882253,77586.69470391306,2304.668801962258,-2036.4850164890152,-5.281740290577038
2023-02-27 08:00:00.000000Z,0.0003376509045977,42166109.65396014,0.1445922343161822,95.43904838725996,104.7921268090568,58.40860066226725,0.0147716759908968,-17.965253262203333,35780510.77826685,-8304235.609948495,-41332678.449194655,30749.34766075197,3014.7023299486023,-606.5976933708107,-7.428595250850404
2023-02-27 10:00:00.000000Z,0.0003225357317513,42165907.83456915,0.1450146123733194,95.43345735366748,104.7052710711412,88.58687639575354,0.0059385224908422,-17.961559515491683,35787431.058951,13536645.184444662,-39933616.97635911,-24536.719470077995,2912.180839870125,986.125126209816,-7.573909749792013
2023-02-27 12:00:00.000000Z,0.0003078073117391,42165669.12440939,0.1453208704549465,95.49601061054912,102.88031815395722,120.4250842934141,-0.0046937455041492,-17.967887786258277,35794101.81622851,31731613.69233897,-27777635.553396404,-73364.1860359428,2025.444421879828,2312.530203193109,-5.6753474165695215
2023-02-27 14:00:00.000000Z,0.0002965797408048,42165563.567032,0.1454150429924607,95.54849606373055,99.84306631973664,153.4774153987683,-0.0141950441940844,-17.982458753815074,35798615.18686259,41383205.46774279,-8142371.6323308125,-102539.44212940184,593.8025301413238,3015.891286887076,-2.2400731074526443
2023-02-27 16:00:00.000000Z,0.0002888729834229,42165752.40851638,0.1454251075409252,95.5061373247192,96.30446621447793,187.1218658788778,-0.0198921496693947,-18.001100623418935,35799701.92705493,39895955.621479645,13684735.248949513,-104127.5891475855,-997.3815061278756,2907.40243090032,1.8117518194361903
2023-02-27 18:00:00.000000Z,0.0002870710754013,42166120.52118174,0.145625472778117,95.37063602321852,92.90929020672776,220.71722759300405,-0.0201043017044633,-18.018548388642014,35797156.639669314,27670965.14794599,31828714.40192484,-77592.99389310727,-2320.187716072921,2016.3544188363064,5.391538306523474
2023-02-27 20:00:00.000000Z,0.0002945940152447,42166270.11219101,0.1461343795837222,95.25139733070856,91.20781549308995,252.60848517190252,-0.0146418632474186,-18.03013737857708,35791842.68935783,7997457.167444482,41404673.25168719,-29977.646613207507,-3018.6744929287806,582.1926447189151,7.531001826591787
2023-02-27 22:00:00.000000Z,0.0003072314011576,42166034.0307698,0.1467306222568483,95.2450684463789,92.18065577469396,281.72117902780803,-0.0049184065772294,-18.03306766519071,35785261.47176012,-13829196.47012476,39830953.072308265,25942.57956567511,-2904.3762406908286,-1009.3754318129876,7.643088956532154
2023-02-28 00:00:00.000000Z,0.0003191583991732,42165712.785757,0.1471055270576084,95.32122760439384,94.70639165809384,309.20768712257143,0.0064023801400228,-18.026801328524417,35779066.24812265,-31929666.833680525,27526723.84941452,75071.22820378085,-2007.396873761097,-2329.663174556263,5.686451679130838
2023-02-28 02:00:00.000000Z,0.0003289929871424,42165611.75866871,0.1472010126852922,95.37414936438118,97.64267951328355,336.3144519800608,0.0161528531363781,-18.01296248183697,35774770.372067325,-41424119.75841784,7803785.591310823,104079.10592966725,-568.9718851961792,-3022.445335043836,2.1826208565932346
2023-02-28 04:00:00.000000Z,0.0003352559153369,42165736.95589754,0.1472096752958032,95.3409708548616,100.76277721889848,3.327594344222537,0.0215671901564152,-17.99503412531511,35773487.46436235,-39750567.941419706,-14022865.590821002,105041.35481768356,1023.1333582742252,-2900.466802697894,-1.9236558055147903
2023-02-28 06:00:00.000000Z,0.0003354611735166,42165958.85478296,0.1473549148300985,95.24566381114188,103.85775095420836,30.42744234760411,0.0210660036484616,-17.97765149911716,35775623.77856815,-27359311.385517456,-32068701.327549897,77609.33178558086,2339.345939494651,-1996.5055966532216,-5.521767366220298
2023-02-28 08:00:00.000000Z,0.0003286939662936,42166158.18420585,0.1477132017517811,95.16508230892032,106.31341055116042,58.1466969755614,0.0147006964556467,-17.965452173038695,35780703.462294124,-7592209.281467545,-41469571.24606257,29118.738366425463,3024.680757485414,-554.6336834291867,-7.63750055998394
2023-02-28 10:00:00.000000Z,0.0003167365461243,42166201.46240738,0.1481742107345529,95.16356872431656,107.17138385290288,87.37598756747364,0.0041452247990031,-17.961837753797496,35787448.800911985,14221363.441514753,-39694945.49149026,-27390.082548044946,2894.794535051584,1036.07943702568,-7.697092424936054
2023-02-28 12:00:00.000000Z,0.0003049618426468,42165990.13465459,0.148535347285368,95.240684867881,105.634589247022,118.91162493782524,-0.0077535823594966,-17.968015892259285,35794066.95053764,32204637.994509246,-27227746.80299315,-76692.16067150836,1985.3839390112976,2347.0319960632896,-5.681226103123894
2023-02-28 14:00:00.000000Z,0.0002991320981125,42165640.29224713,0.1486740110032273,95.32465613341336,102.14219931967676,152.38767789206727,-0.0177400053722811,-17.982517247043983,35798678.997793086,41517190.76913645,-7429370.9503867775,-105477.29571299588,541.8588548307475,3025.653610806701,-2.128557154719937
2023-02-28 16:00:00.000000Z,0.0002985275847977,42165503.97162069,0.1486869181999729,95.32627367667668,98.05942773579736,186.53211172204016,-0.0230227752395905,-18.001370476311408,35799872.77720415,39654879.63169311,14368848.590872064,-105924.70896896928,-1047.2185855384653,2889.802585348916,2.0097476315274845
2023-02-28 18:00:00.000000Z,0.0003002396291233,42165799.83922071,0.1488477196528564,95.2279218967222,94.02336179761016,220.73088100408103,-0.0220341464889776,-18.01915073115681,35797254.63530128,27119774.272091635,32299774.749127395,-77806.88539555902,-2354.509868842462,1976.137922759163,5.623529636635544
2023-02-28 20:00:00.000000Z,0.0003069410041264,42166246.13279773,0.1493324214504224,95.12335917355014,90.91657497383284,254.01274391839763,-0.014887791594114,-18.030770752625827,35791670.1456253,7284487.841391234,41535864.6809736,-28577.443178875485,-3028.254933327302,530.1743545168124,7.73775692403567
2023-02-28 22:00:00.000000Z,0.0003175894732384,42166352.95078969,0.1499754174714767,95.12289848905556,90.42601538307552,284.5834712758042,-0.0034109489184293,-18.033199915517518,35784840.09694694,-14512056.444543738,39586816.47329748,28582.007202450182,-2886.6187806247904,-1059.2122425783286,7.773315293227565
